0 1
0 14
1 2
1 15
2 3
2 16
3 4
3 17
4 5
4 18
5 6
5 19
6 7
6 20
7 8
7 21
8 9
8 22
9 10
9 23
10 11
10 24
11 12
11 25
0 12
12 13
13 14
13 27
14 15
14 28
15 16
15 29
16 17
16 30
17 18
17 31
18 19
18 32
19 20
19 33
20 21
20 34
21 22
21 35
22 23
22 36
23 24
23 37
24 25
24 38
13 25
25 26
26 27
26 40
27 28
27 41
28 29
28 42
29 30
29 43
30 31
30 44
31 32
31 45
32 33
32 46
33 34
33 47
34 35
34 48
35 36
35 49
36 37
36 50
37 38
37 51
26 38
38 39
39 40
39 53
40 41
40 54
41 42
41 55
42 43
42 56
43 44
43 57
44 45
44 58
45 46
45 59
46 47
46 60
47 48
47 61
48 49
48 62
49 50
49 63
50 51
50 64
39 51
51 52
52 53
52 66
53 54
53 67
54 55
54 68
55 56
55 69
56 57
56 70
57 58
57 71
58 59
58 72
59 60
59 73
60 61
60 74
61 62
61 75
62 63
62 76
63 64
63 77
52 64
64 65
65 66
65 79
66 67
66 80
67 68
67 81
68 69
68 82
69 70
69 83
70 71
70 84
71 72
71 85
72 73
72 86
73 74
73 87
74 75
74 88
75 76
75 89
76 77
76 90
65 77
77 78
78 79
78 92
79 80
79 93
80 81
80 94
81 82
81 95
82 83
82 96
83 84
83 97
84 85
84 98
85 86
85 99
86 87
86 100
87 88
87 101
88 89
88 102
89 90
89 103
78 90
90 91
91 92
91 105
92 93
92 106
93 94
93 107
94 95
94 108
95 96
95 109
96 97
96 110
97 98
97 111
98 99
98 112
99 100
99 113
100 101
100 114
101 102
101 115
102 103
102 116
91 103
103 104
104 105
104 118
105 106
105 119
106 107
106 120
107 108
107 121
108 109
108 122
109 110
109 123
110 111
110 124
111 112
111 125
112 113
112 126
113 114
113 127
114 115
114 128
115 116
115 129
104 116
116 117
117 118
117 131
118 119
118 132
119 120
119 133
120 121
120 134
121 122
121 135
122 123
122 136
123 124
123 137
124 125
124 138
125 126
125 139
126 127
126 140
127 128
127 141
128 129
128 142
117 129
129 130
130 131
130 144
131 132
131 145
132 133
132 146
133 134
133 147
134 135
134 148
135 136
135 149
136 137
136 150
137 138
137 151
138 139
138 152
139 140
139 153
140 141
140 154
141 142
141 155
130 142
142 143
143 144
143 157
144 145
144 158
145 146
145 159
146 147
146 160
147 148
147 161
148 149
148 162
149 150
149 163
150 151
150 164
151 152
151 165
152 153
152 166
153 154
153 167
154 155
154 168
143 155
155 156
156 157
156 170
157 158
157 171
158 159
158 172
159 160
159 173
160 161
160 174
161 162
161 175
162 163
162 176
163 164
163 177
164 165
164 178
165 166
165 179
166 167
166 180
167 168
167 181
156 168
168 169
169 170
169 183
170 171
170 184
171 172
171 185
172 173
172 186
173 174
173 187
174 175
174 188
175 176
175 189
176 177
176 190
177 178
177 191
178 179
178 192
179 180
179 193
180 181
180 194
169 181
181 182
182 183
182 196
183 184
183 197
184 185
184 198
185 186
185 199
186 187
186 200
187 188
187 201
188 189
188 202
189 190
189 203
190 191
190 204
191 192
191 205
192 193
192 206
193 194
193 207
182 194
194 195
195 196
195 209
196 197
196 210
197 198
197 211
198 199
198 212
199 200
199 213
200 201
200 214
201 202
201 215
202 203
202 216
203 204
203 217
204 205
204 218
205 206
205 219
206 207
206 220
195 207
207 208
208 209
208 222
209 210
209 223
210 211
210 224
211 212
211 225
212 213
212 226
213 214
213 227
214 215
214 228
215 216
215 229
216 217
216 230
217 218
217 231
218 219
218 232
219 220
219 233
208 220
220 221
221 222
221 235
222 223
222 236
223 224
223 237
224 225
224 238
225 226
225 239
226 227
226 240
227 228
227 241
228 229
228 242
229 230
229 243
230 231
230 244
231 232
231 245
232 233
232 246
221 233
233 234
234 235
234 248
235 236
235 249
236 237
236 250
237 238
237 251
238 239
238 252
239 240
239 253
240 241
240 254
241 242
241 255
242 243
242 256
243 244
243 257
244 245
244 258
245 246
245 259
234 246
246 247
247 248
247 261
248 249
248 262
249 250
249 263
250 251
250 264
251 252
251 265
252 253
252 266
253 254
253 267
254 255
254 268
255 256
255 269
256 257
256 270
257 258
257 271
258 259
258 272
247 259
259 260
260 261
260 274
261 262
261 275
262 263
262 276
263 264
263 277
264 265
264 278
265 266
265 279
266 267
266 280
267 268
267 281
268 269
268 282
269 270
269 283
270 271
270 284
271 272
271 285
260 272
272 273
273 274
273 287
274 275
274 288
275 276
275 289
276 277
276 290
277 278
277 291
278 279
278 292
279 280
279 293
280 281
280 294
281 282
281 295
282 283
282 296
283 284
283 297
284 285
284 298
273 285
285 286
286 287
286 300
287 288
287 301
288 289
288 302
289 290
289 303
290 291
290 304
291 292
291 305
292 293
292 306
293 294
293 307
294 295
294 308
295 296
295 309
296 297
296 310
297 298
297 311
286 298
298 299
299 300
299 313
300 301
300 314
301 302
301 315
302 303
302 316
303 304
303 317
304 305
304 318
305 306
305 319
306 307
306 320
307 308
307 321
308 309
308 322
309 310
309 323
310 311
310 324
299 311
311 312
312 313
312 326
313 314
313 327
314 315
314 328
315 316
315 329
316 317
316 330
317 318
317 331
318 319
318 332
319 320
319 333
320 321
320 334
321 322
321 335
322 323
322 336
323 324
323 337
312 324
324 325
325 326
325 339
326 327
326 340
327 328
327 341
328 329
328 342
329 330
329 343
330 331
330 344
331 332
331 345
332 333
332 346
333 334
333 347
334 335
334 348
335 336
335 349
336 337
336 350
325 337
337 338
338 339
1 338
339 340
2 339
340 341
3 340
341 342
4 341
342 343
5 342
343 344
6 343
344 345
7 344
345 346
8 345
346 347
9 346
347 348
10 347
348 349
11 348
349 350
12 349
338 350
0 350
