0 1
0 23
1 2
1 24
2 3
2 25
3 4
3 26
4 5
4 27
5 6
5 28
6 7
6 29
7 8
7 30
8 9
8 31
9 10
9 32
10 11
10 33
11 12
11 34
12 13
12 35
13 14
13 36
14 15
14 37
15 16
15 38
16 17
16 39
17 18
17 40
18 19
18 41
19 20
19 42
20 21
20 43
0 21
21 22
22 23
22 45
23 24
23 46
24 25
24 47
25 26
25 48
26 27
26 49
27 28
27 50
28 29
28 51
29 30
29 52
30 31
30 53
31 32
31 54
32 33
32 55
33 34
33 56
34 35
34 57
35 36
35 58
36 37
36 59
37 38
37 60
38 39
38 61
39 40
39 62
40 41
40 63
41 42
41 64
42 43
42 65
22 43
43 44
44 45
44 67
45 46
45 68
46 47
46 69
47 48
47 70
48 49
48 71
49 50
49 72
50 51
50 73
51 52
51 74
52 53
52 75
53 54
53 76
54 55
54 77
55 56
55 78
56 57
56 79
57 58
57 80
58 59
58 81
59 60
59 82
60 61
60 83
61 62
61 84
62 63
62 85
63 64
63 86
64 65
64 87
44 65
65 66
66 67
66 89
67 68
67 90
68 69
68 91
69 70
69 92
70 71
70 93
71 72
71 94
72 73
72 95
73 74
73 96
74 75
74 97
75 76
75 98
76 77
76 99
77 78
77 100
78 79
78 101
79 80
79 102
80 81
80 103
81 82
81 104
82 83
82 105
83 84
83 106
84 85
84 107
85 86
85 108
86 87
86 109
66 87
87 88
88 89
88 111
89 90
89 112
90 91
90 113
91 92
91 114
92 93
92 115
93 94
93 116
94 95
94 117
95 96
95 118
96 97
96 119
97 98
97 120
98 99
98 121
99 100
99 122
100 101
100 123
101 102
101 124
102 103
102 125
103 104
103 126
104 105
104 127
105 106
105 128
106 107
106 129
107 108
107 130
108 109
108 131
88 109
109 110
110 111
110 133
111 112
111 134
112 113
112 135
113 114
113 136
114 115
114 137
115 116
115 138
116 117
116 139
117 118
117 140
118 119
118 141
119 120
119 142
120 121
120 143
121 122
121 144
122 123
122 145
123 124
123 146
124 125
124 147
125 126
125 148
126 127
126 149
127 128
127 150
128 129
128 151
129 130
129 152
130 131
130 153
110 131
131 132
132 133
132 155
133 134
133 156
134 135
134 157
135 136
135 158
136 137
136 159
137 138
137 160
138 139
138 161
139 140
139 162
140 141
140 163
141 142
141 164
142 143
142 165
143 144
143 166
144 145
144 167
145 146
145 168
146 147
146 169
147 148
147 170
148 149
148 171
149 150
149 172
150 151
150 173
151 152
151 174
152 153
152 175
132 153
153 154
154 155
154 177
155 156
155 178
156 157
156 179
157 158
157 180
158 159
158 181
159 160
159 182
160 161
160 183
161 162
161 184
162 163
162 185
163 164
163 186
164 165
164 187
165 166
165 188
166 167
166 189
167 168
167 190
168 169
168 191
169 170
169 192
170 171
170 193
171 172
171 194
172 173
172 195
173 174
173 196
174 175
174 197
154 175
175 176
176 177
176 199
177 178
177 200
178 179
178 201
179 180
179 202
180 181
180 203
181 182
181 204
182 183
182 205
183 184
183 206
184 185
184 207
185 186
185 208
186 187
186 209
187 188
187 210
188 189
188 211
189 190
189 212
190 191
190 213
191 192
191 214
192 193
192 215
193 194
193 216
194 195
194 217
195 196
195 218
196 197
196 219
176 197
197 198
198 199
198 221
199 200
199 222
200 201
200 223
201 202
201 224
202 203
202 225
203 204
203 226
204 205
204 227
205 206
205 228
206 207
206 229
207 208
207 230
208 209
208 231
209 210
209 232
210 211
210 233
211 212
211 234
212 213
212 235
213 214
213 236
214 215
214 237
215 216
215 238
216 217
216 239
217 218
217 240
218 219
218 241
198 219
219 220
220 221
220 243
221 222
221 244
222 223
222 245
223 224
223 246
224 225
224 247
225 226
225 248
226 227
226 249
227 228
227 250
228 229
228 251
229 230
229 252
230 231
230 253
231 232
231 254
232 233
232 255
233 234
233 256
234 235
234 257
235 236
235 258
236 237
236 259
237 238
237 260
238 239
238 261
239 240
239 262
240 241
240 263
220 241
241 242
242 243
242 265
243 244
243 266
244 245
244 267
245 246
245 268
246 247
246 269
247 248
247 270
248 249
248 271
249 250
249 272
250 251
250 273
251 252
251 274
252 253
252 275
253 254
253 276
254 255
254 277
255 256
255 278
256 257
256 279
257 258
257 280
258 259
258 281
259 260
259 282
260 261
260 283
261 262
261 284
262 263
262 285
242 263
263 264
264 265
264 287
265 266
265 288
266 267
266 289
267 268
267 290
268 269
268 291
269 270
269 292
270 271
270 293
271 272
271 294
272 273
272 295
273 274
273 296
274 275
274 297
275 276
275 298
276 277
276 299
277 278
277 300
278 279
278 301
279 280
279 302
280 281
280 303
281 282
281 304
282 283
282 305
283 284
283 306
284 285
284 307
264 285
285 286
286 287
286 309
287 288
287 310
288 289
288 311
289 290
289 312
290 291
290 313
291 292
291 314
292 293
292 315
293 294
293 316
294 295
294 317
295 296
295 318
296 297
296 319
297 298
297 320
298 299
298 321
299 300
299 322
300 301
300 323
301 302
301 324
302 303
302 325
303 304
303 326
304 305
304 327
305 306
305 328
306 307
306 329
286 307
307 308
308 309
308 331
309 310
309 332
310 311
310 333
311 312
311 334
312 313
312 335
313 314
313 336
314 315
314 337
315 316
315 338
316 317
316 339
317 318
317 340
318 319
318 341
319 320
319 342
320 321
320 343
321 322
321 344
322 323
322 345
323 324
323 346
324 325
324 347
325 326
325 348
326 327
326 349
327 328
327 350
328 329
328 351
308 329
329 330
330 331
330 353
331 332
331 354
332 333
332 355
333 334
333 356
334 335
334 357
335 336
335 358
336 337
336 359
337 338
337 360
338 339
338 361
339 340
339 362
340 341
340 363
341 342
341 364
342 343
342 365
343 344
343 366
344 345
344 367
345 346
345 368
346 347
346 369
347 348
347 370
348 349
348 371
349 350
349 372
350 351
350 373
330 351
351 352
352 353
352 375
353 354
353 376
354 355
354 377
355 356
355 378
356 357
356 379
357 358
357 380
358 359
358 381
359 360
359 382
360 361
360 383
361 362
361 384
362 363
362 385
363 364
363 386
364 365
364 387
365 366
365 388
366 367
366 389
367 368
367 390
368 369
368 391
369 370
369 392
370 371
370 393
371 372
371 394
372 373
372 395
352 373
373 374
374 375
374 397
375 376
375 398
376 377
376 399
377 378
377 400
378 379
378 401
379 380
379 402
380 381
380 403
381 382
381 404
382 383
382 405
383 384
383 406
384 385
384 407
385 386
385 408
386 387
386 409
387 388
387 410
388 389
388 411
389 390
389 412
390 391
390 413
391 392
391 414
392 393
392 415
393 394
393 416
394 395
394 417
374 395
395 396
396 397
396 419
397 398
397 420
398 399
398 421
399 400
399 422
400 401
400 423
401 402
401 424
402 403
402 425
403 404
403 426
404 405
404 427
405 406
405 428
406 407
406 429
407 408
407 430
408 409
408 431
409 410
409 432
410 411
410 433
411 412
411 434
412 413
412 435
413 414
413 436
414 415
414 437
415 416
415 438
416 417
416 439
396 417
417 418
418 419
418 441
419 420
419 442
420 421
420 443
421 422
421 444
422 423
422 445
423 424
423 446
424 425
424 447
425 426
425 448
426 427
426 449
427 428
427 450
428 429
428 451
429 430
429 452
430 431
430 453
431 432
431 454
432 433
432 455
433 434
433 456
434 435
434 457
435 436
435 458
436 437
436 459
437 438
437 460
438 439
438 461
418 439
439 440
440 441
440 463
441 442
441 464
442 443
442 465
443 444
443 466
444 445
444 467
445 446
445 468
446 447
446 469
447 448
447 470
448 449
448 471
449 450
449 472
450 451
450 473
451 452
451 474
452 453
452 475
453 454
453 476
454 455
454 477
455 456
455 478
456 457
456 479
457 458
457 480
458 459
458 481
459 460
459 482
460 461
460 483
440 461
461 462
462 463
462 485
463 464
463 486
464 465
464 487
465 466
465 488
466 467
466 489
467 468
467 490
468 469
468 491
469 470
469 492
470 471
470 493
471 472
471 494
472 473
472 495
473 474
473 496
474 475
474 497
475 476
475 498
476 477
476 499
477 478
477 500
478 479
478 501
479 480
479 502
480 481
480 503
481 482
481 504
482 483
482 505
462 483
483 484
484 485
484 507
485 486
485 508
486 487
486 509
487 488
487 510
488 489
488 511
489 490
489 512
490 491
490 513
491 492
491 514
492 493
492 515
493 494
493 516
494 495
494 517
495 496
495 518
496 497
496 519
497 498
497 520
498 499
498 521
499 500
499 522
500 501
500 523
501 502
501 524
502 503
502 525
503 504
503 526
504 505
504 527
484 505
505 506
506 507
506 529
507 508
507 530
508 509
508 531
509 510
509 532
510 511
510 533
511 512
511 534
512 513
512 535
513 514
513 536
514 515
514 537
515 516
515 538
516 517
516 539
517 518
517 540
518 519
518 541
519 520
519 542
520 521
520 543
521 522
521 544
522 523
522 545
523 524
523 546
524 525
524 547
525 526
525 548
526 527
526 549
506 527
527 528
528 529
528 551
529 530
529 552
530 531
530 553
531 532
531 554
532 533
532 555
533 534
533 556
534 535
534 557
535 536
535 558
536 537
536 559
537 538
537 560
538 539
538 561
539 540
539 562
540 541
540 563
541 542
541 564
542 543
542 565
543 544
543 566
544 545
544 567
545 546
545 568
546 547
546 569
547 548
547 570
548 549
548 571
528 549
549 550
550 551
550 573
551 552
551 574
552 553
552 575
553 554
553 576
554 555
554 577
555 556
555 578
556 557
556 579
557 558
557 580
558 559
558 581
559 560
559 582
560 561
560 583
561 562
561 584
562 563
562 585
563 564
563 586
564 565
564 587
565 566
565 588
566 567
566 589
567 568
567 590
568 569
568 591
569 570
569 592
570 571
570 593
550 571
571 572
572 573
572 595
573 574
573 596
574 575
574 597
575 576
575 598
576 577
576 599
577 578
577 600
578 579
578 601
579 580
579 602
580 581
580 603
581 582
581 604
582 583
582 605
583 584
583 606
584 585
584 607
585 586
585 608
586 587
586 609
587 588
587 610
588 589
588 611
589 590
589 612
590 591
590 613
591 592
591 614
592 593
592 615
572 593
593 594
594 595
594 617
595 596
595 618
596 597
596 619
597 598
597 620
598 599
598 621
599 600
599 622
600 601
600 623
601 602
601 624
602 603
602 625
603 604
603 626
604 605
604 627
605 606
605 628
606 607
606 629
607 608
607 630
608 609
608 631
609 610
609 632
610 611
610 633
611 612
611 634
612 613
612 635
613 614
613 636
614 615
614 637
594 615
615 616
616 617
616 639
617 618
617 640
618 619
618 641
619 620
619 642
620 621
620 643
621 622
621 644
622 623
622 645
623 624
623 646
624 625
624 647
625 626
625 648
626 627
626 649
627 628
627 650
628 629
628 651
629 630
629 652
630 631
630 653
631 632
631 654
632 633
632 655
633 634
633 656
634 635
634 657
635 636
635 658
636 637
636 659
616 637
637 638
638 639
638 661
639 640
639 662
640 641
640 663
641 642
641 664
642 643
642 665
643 644
643 666
644 645
644 667
645 646
645 668
646 647
646 669
647 648
647 670
648 649
648 671
649 650
649 672
650 651
650 673
651 652
651 674
652 653
652 675
653 654
653 676
654 655
654 677
655 656
655 678
656 657
656 679
657 658
657 680
658 659
658 681
638 659
659 660
660 661
660 683
661 662
661 684
662 663
662 685
663 664
663 686
664 665
664 687
665 666
665 688
666 667
666 689
667 668
667 690
668 669
668 691
669 670
669 692
670 671
670 693
671 672
671 694
672 673
672 695
673 674
673 696
674 675
674 697
675 676
675 698
676 677
676 699
677 678
677 700
678 679
678 701
679 680
679 702
680 681
680 703
660 681
681 682
682 683
682 705
683 684
683 706
684 685
684 707
685 686
685 708
686 687
686 709
687 688
687 710
688 689
688 711
689 690
689 712
690 691
690 713
691 692
691 714
692 693
692 715
693 694
693 716
694 695
694 717
695 696
695 718
696 697
696 719
697 698
697 720
698 699
698 721
699 700
699 722
700 701
700 723
701 702
701 724
702 703
702 725
682 703
703 704
704 705
704 727
705 706
705 728
706 707
706 729
707 708
707 730
708 709
708 731
709 710
709 732
710 711
710 733
711 712
711 734
712 713
712 735
713 714
713 736
714 715
714 737
715 716
715 738
716 717
716 739
717 718
717 740
718 719
718 741
719 720
719 742
720 721
720 743
721 722
721 744
722 723
722 745
723 724
723 746
724 725
724 747
704 725
725 726
726 727
726 749
727 728
727 750
728 729
728 751
729 730
729 752
730 731
730 753
731 732
731 754
732 733
732 755
733 734
733 756
734 735
734 757
735 736
735 758
736 737
736 759
737 738
737 760
738 739
738 761
739 740
739 762
740 741
740 763
741 742
741 764
742 743
742 765
743 744
743 766
744 745
744 767
745 746
745 768
746 747
746 769
726 747
747 748
748 749
748 771
749 750
749 772
750 751
750 773
751 752
751 774
752 753
752 775
753 754
753 776
754 755
754 777
755 756
755 778
756 757
756 779
757 758
757 780
758 759
758 781
759 760
759 782
760 761
760 783
761 762
761 784
762 763
762 785
763 764
763 786
764 765
764 787
765 766
765 788
766 767
766 789
767 768
767 790
768 769
768 791
748 769
769 770
770 771
770 793
771 772
771 794
772 773
772 795
773 774
773 796
774 775
774 797
775 776
775 798
776 777
776 799
777 778
777 800
778 779
778 801
779 780
779 802
780 781
780 803
781 782
781 804
782 783
782 805
783 784
783 806
784 785
784 807
785 786
785 808
786 787
786 809
787 788
787 810
788 789
788 811
789 790
789 812
790 791
790 813
770 791
791 792
792 793
792 815
793 794
793 816
794 795
794 817
795 796
795 818
796 797
796 819
797 798
797 820
798 799
798 821
799 800
799 822
800 801
800 823
801 802
801 824
802 803
802 825
803 804
803 826
804 805
804 827
805 806
805 828
806 807
806 829
807 808
807 830
808 809
808 831
809 810
809 832
810 811
810 833
811 812
811 834
812 813
812 835
792 813
813 814
814 815
814 837
815 816
815 838
816 817
816 839
817 818
817 840
818 819
818 841
819 820
819 842
820 821
820 843
821 822
821 844
822 823
822 845
823 824
823 846
824 825
824 847
825 826
825 848
826 827
826 849
827 828
827 850
828 829
828 851
829 830
829 852
830 831
830 853
831 832
831 854
832 833
832 855
833 834
833 856
834 835
834 857
814 835
835 836
836 837
836 859
837 838
837 860
838 839
838 861
839 840
839 862
840 841
840 863
841 842
841 864
842 843
842 865
843 844
843 866
844 845
844 867
845 846
845 868
846 847
846 869
847 848
847 870
848 849
848 871
849 850
849 872
850 851
850 873
851 852
851 874
852 853
852 875
853 854
853 876
854 855
854 877
855 856
855 878
856 857
856 879
836 857
857 858
858 859
858 881
859 860
859 882
860 861
860 883
861 862
861 884
862 863
862 885
863 864
863 886
864 865
864 887
865 866
865 888
866 867
866 889
867 868
867 890
868 869
868 891
869 870
869 892
870 871
870 893
871 872
871 894
872 873
872 895
873 874
873 896
874 875
874 897
875 876
875 898
876 877
876 899
877 878
877 900
878 879
878 901
858 879
879 880
880 881
880 903
881 882
881 904
882 883
882 905
883 884
883 906
884 885
884 907
885 886
885 908
886 887
886 909
887 888
887 910
888 889
888 911
889 890
889 912
890 891
890 913
891 892
891 914
892 893
892 915
893 894
893 916
894 895
894 917
895 896
895 918
896 897
896 919
897 898
897 920
898 899
898 921
899 900
899 922
900 901
900 923
880 901
901 902
902 903
902 925
903 904
903 926
904 905
904 927
905 906
905 928
906 907
906 929
907 908
907 930
908 909
908 931
909 910
909 932
910 911
910 933
911 912
911 934
912 913
912 935
913 914
913 936
914 915
914 937
915 916
915 938
916 917
916 939
917 918
917 940
918 919
918 941
919 920
919 942
920 921
920 943
921 922
921 944
922 923
922 945
902 923
923 924
924 925
924 947
925 926
925 948
926 927
926 949
927 928
927 950
928 929
928 951
929 930
929 952
930 931
930 953
931 932
931 954
932 933
932 955
933 934
933 956
934 935
934 957
935 936
935 958
936 937
936 959
937 938
937 960
938 939
938 961
939 940
939 962
940 941
940 963
941 942
941 964
942 943
942 965
943 944
943 966
944 945
944 967
924 945
945 946
946 947
946 969
947 948
947 970
948 949
948 971
949 950
949 972
950 951
950 973
951 952
951 974
952 953
952 975
953 954
953 976
954 955
954 977
955 956
955 978
956 957
956 979
957 958
957 980
958 959
958 981
959 960
959 982
960 961
960 983
961 962
961 984
962 963
962 985
963 964
963 986
964 965
964 987
965 966
965 988
966 967
966 989
946 967
967 968
968 969
968 991
969 970
969 992
970 971
970 993
971 972
971 994
972 973
972 995
973 974
973 996
974 975
974 997
975 976
975 998
976 977
976 999
977 978
977 1000
978 979
978 1001
979 980
979 1002
980 981
980 1003
981 982
981 1004
982 983
982 1005
983 984
983 1006
984 985
984 1007
985 986
985 1008
986 987
986 1009
987 988
987 1010
988 989
988 1011
968 989
989 990
990 991
990 1013
991 992
991 1014
992 993
992 1015
993 994
993 1016
994 995
994 1017
995 996
995 1018
996 997
996 1019
997 998
997 1020
998 999
998 1021
999 1000
999 1022
1000 1001
1000 1023
1001 1002
1001 1024
1002 1003
1002 1025
1003 1004
1003 1026
1004 1005
1004 1027
1005 1006
1005 1028
1006 1007
1006 1029
1007 1008
1007 1030
1008 1009
1008 1031
1009 1010
1009 1032
1010 1011
1010 1033
990 1011
1011 1012
1012 1013
1012 1035
1013 1014
1013 1036
1014 1015
1014 1037
1015 1016
1015 1038
1016 1017
1016 1039
1017 1018
1017 1040
1018 1019
1018 1041
1019 1020
1019 1042
1020 1021
1020 1043
1021 1022
1021 1044
1022 1023
1022 1045
1023 1024
1023 1046
1024 1025
1024 1047
1025 1026
1025 1048
1026 1027
1026 1049
1027 1028
1027 1050
1028 1029
1028 1051
1029 1030
1029 1052
1030 1031
1030 1053
1031 1032
1031 1054
1032 1033
1032 1055
1012 1033
1033 1034
1034 1035
1034 1057
1035 1036
1035 1058
1036 1037
1036 1059
1037 1038
1037 1060
1038 1039
1038 1061
1039 1040
1039 1062
1040 1041
1040 1063
1041 1042
1041 1064
1042 1043
1042 1065
1043 1044
1043 1066
1044 1045
1044 1067
1045 1046
1045 1068
1046 1047
1046 1069
1047 1048
1047 1070
1048 1049
1048 1071
1049 1050
1049 1072
1050 1051
1050 1073
1051 1052
1051 1074
1052 1053
1052 1075
1053 1054
1053 1076
1054 1055
1054 1077
1034 1055
1055 1056
1056 1057
1056 1079
1057 1058
1057 1080
1058 1059
1058 1081
1059 1060
1059 1082
1060 1061
1060 1083
1061 1062
1061 1084
1062 1063
1062 1085
1063 1064
1063 1086
1064 1065
1064 1087
1065 1066
1065 1088
1066 1067
1066 1089
1067 1068
1067 1090
1068 1069
1068 1091
1069 1070
1069 1092
1070 1071
1070 1093
1071 1072
1071 1094
1072 1073
1072 1095
1073 1074
1073 1096
1074 1075
1074 1097
1075 1076
1075 1098
1076 1077
1076 1099
1056 1077
1077 1078
1078 1079
1078 1101
1079 1080
1079 1102
1080 1081
1080 1103
1081 1082
1081 1104
1082 1083
1082 1105
1083 1084
1083 1106
1084 1085
1084 1107
1085 1086
1085 1108
1086 1087
1086 1109
1087 1088
1087 1110
1088 1089
1088 1111
1089 1090
1089 1112
1090 1091
1090 1113
1091 1092
1091 1114
1092 1093
1092 1115
1093 1094
1093 1116
1094 1095
1094 1117
1095 1096
1095 1118
1096 1097
1096 1119
1097 1098
1097 1120
1098 1099
1098 1121
1078 1099
1099 1100
1100 1101
1100 1123
1101 1102
1101 1124
1102 1103
1102 1125
1103 1104
1103 1126
1104 1105
1104 1127
1105 1106
1105 1128
1106 1107
1106 1129
1107 1108
1107 1130
1108 1109
1108 1131
1109 1110
1109 1132
1110 1111
1110 1133
1111 1112
1111 1134
1112 1113
1112 1135
1113 1114
1113 1136
1114 1115
1114 1137
1115 1116
1115 1138
1116 1117
1116 1139
1117 1118
1117 1140
1118 1119
1118 1141
1119 1120
1119 1142
1120 1121
1120 1143
1100 1121
1121 1122
1122 1123
1122 1145
1123 1124
1123 1146
1124 1125
1124 1147
1125 1126
1125 1148
1126 1127
1126 1149
1127 1128
1127 1150
1128 1129
1128 1151
1129 1130
1129 1152
1130 1131
1130 1153
1131 1132
1131 1154
1132 1133
1132 1155
1133 1134
1133 1156
1134 1135
1134 1157
1135 1136
1135 1158
1136 1137
1136 1159
1137 1138
1137 1160
1138 1139
1138 1161
1139 1140
1139 1162
1140 1141
1140 1163
1141 1142
1141 1164
1142 1143
1142 1165
1122 1143
1143 1144
1144 1145
1144 1167
1145 1146
1145 1168
1146 1147
1146 1169
1147 1148
1147 1170
1148 1149
1148 1171
1149 1150
1149 1172
1150 1151
1150 1173
1151 1152
1151 1174
1152 1153
1152 1175
1153 1154
1153 1176
1154 1155
1154 1177
1155 1156
1155 1178
1156 1157
1156 1179
1157 1158
1157 1180
1158 1159
1158 1181
1159 1160
1159 1182
1160 1161
1160 1183
1161 1162
1161 1184
1162 1163
1162 1185
1163 1164
1163 1186
1164 1165
1164 1187
1144 1165
1165 1166
1166 1167
1166 1189
1167 1168
1167 1190
1168 1169
1168 1191
1169 1170
1169 1192
1170 1171
1170 1193
1171 1172
1171 1194
1172 1173
1172 1195
1173 1174
1173 1196
1174 1175
1174 1197
1175 1176
1175 1198
1176 1177
1176 1199
1177 1178
1177 1200
1178 1179
1178 1201
1179 1180
1179 1202
1180 1181
1180 1203
1181 1182
1181 1204
1182 1183
1182 1205
1183 1184
1183 1206
1184 1185
1184 1207
1185 1186
1185 1208
1186 1187
1186 1209
1166 1187
1187 1188
1188 1189
1188 1211
1189 1190
1189 1212
1190 1191
1190 1213
1191 1192
1191 1214
1192 1193
1192 1215
1193 1194
1193 1216
1194 1195
1194 1217
1195 1196
1195 1218
1196 1197
1196 1219
1197 1198
1197 1220
1198 1199
1198 1221
1199 1200
1199 1222
1200 1201
1200 1223
1201 1202
1201 1224
1202 1203
1202 1225
1203 1204
1203 1226
1204 1205
1204 1227
1205 1206
1205 1228
1206 1207
1206 1229
1207 1208
1207 1230
1208 1209
1208 1231
1188 1209
1209 1210
1210 1211
1210 1233
1211 1212
1211 1234
1212 1213
1212 1235
1213 1214
1213 1236
1214 1215
1214 1237
1215 1216
1215 1238
1216 1217
1216 1239
1217 1218
1217 1240
1218 1219
1218 1241
1219 1220
1219 1242
1220 1221
1220 1243
1221 1222
1221 1244
1222 1223
1222 1245
1223 1224
1223 1246
1224 1225
1224 1247
1225 1226
1225 1248
1226 1227
1226 1249
1227 1228
1227 1250
1228 1229
1228 1251
1229 1230
1229 1252
1230 1231
1230 1253
1210 1231
1231 1232
1232 1233
1232 1255
1233 1234
1233 1256
1234 1235
1234 1257
1235 1236
1235 1258
1236 1237
1236 1259
1237 1238
1237 1260
1238 1239
1238 1261
1239 1240
1239 1262
1240 1241
1240 1263
1241 1242
1241 1264
1242 1243
1242 1265
1243 1244
1243 1266
1244 1245
1244 1267
1245 1246
1245 1268
1246 1247
1246 1269
1247 1248
1247 1270
1248 1249
1248 1271
1249 1250
1249 1272
1250 1251
1250 1273
1251 1252
1251 1274
1252 1253
1252 1275
1232 1253
1253 1254
1254 1255
1254 1277
1255 1256
1255 1278
1256 1257
1256 1279
1257 1258
1257 1280
1258 1259
1258 1281
1259 1260
1259 1282
1260 1261
1260 1283
1261 1262
1261 1284
1262 1263
1262 1285
1263 1264
1263 1286
1264 1265
1264 1287
1265 1266
1265 1288
1266 1267
1266 1289
1267 1268
1267 1290
1268 1269
1268 1291
1269 1270
1269 1292
1270 1271
1270 1293
1271 1272
1271 1294
1272 1273
1272 1295
1273 1274
1273 1296
1274 1275
1274 1297
1254 1275
1275 1276
1276 1277
1276 1299
1277 1278
1277 1300
1278 1279
1278 1301
1279 1280
1279 1302
1280 1281
1280 1303
1281 1282
1281 1304
1282 1283
1282 1305
1283 1284
1283 1306
1284 1285
1284 1307
1285 1286
1285 1308
1286 1287
1286 1309
1287 1288
1287 1310
1288 1289
1288 1311
1289 1290
1289 1312
1290 1291
1290 1313
1291 1292
1291 1314
1292 1293
1292 1315
1293 1294
1293 1316
1294 1295
1294 1317
1295 1296
1295 1318
1296 1297
1296 1319
1276 1297
1297 1298
1298 1299
1298 1321
1299 1300
1299 1322
1300 1301
1300 1323
1301 1302
1301 1324
1302 1303
1302 1325
1303 1304
1303 1326
1304 1305
1304 1327
1305 1306
1305 1328
1306 1307
1306 1329
1307 1308
1307 1330
1308 1309
1308 1331
1309 1310
1309 1332
1310 1311
1310 1333
1311 1312
1311 1334
1312 1313
1312 1335
1313 1314
1313 1336
1314 1315
1314 1337
1315 1316
1315 1338
1316 1317
1316 1339
1317 1318
1317 1340
1318 1319
1318 1341
1298 1319
1319 1320
1320 1321
1320 1343
1321 1322
1321 1344
1322 1323
1322 1345
1323 1324
1323 1346
1324 1325
1324 1347
1325 1326
1325 1348
1326 1327
1326 1349
1327 1328
1327 1350
1328 1329
1328 1351
1329 1330
1329 1352
1330 1331
1330 1353
1331 1332
1331 1354
1332 1333
1332 1355
1333 1334
1333 1356
1334 1335
1334 1357
1335 1336
1335 1358
1336 1337
1336 1359
1337 1338
1337 1360
1338 1339
1338 1361
1339 1340
1339 1362
1340 1341
1340 1363
1320 1341
1341 1342
1342 1343
1342 1365
1343 1344
1343 1366
1344 1345
1344 1367
1345 1346
1345 1368
1346 1347
1346 1369
1347 1348
1347 1370
1348 1349
1348 1371
1349 1350
1349 1372
1350 1351
1350 1373
1351 1352
1351 1374
1352 1353
1352 1375
1353 1354
1353 1376
1354 1355
1354 1377
1355 1356
1355 1378
1356 1357
1356 1379
1357 1358
1357 1380
1358 1359
1358 1381
1359 1360
1359 1382
1360 1361
1360 1383
1361 1362
1361 1384
1362 1363
1362 1385
1342 1363
1363 1364
1364 1365
1364 1387
1365 1366
1365 1388
1366 1367
1366 1389
1367 1368
1367 1390
1368 1369
1368 1391
1369 1370
1369 1392
1370 1371
1370 1393
1371 1372
1371 1394
1372 1373
1372 1395
1373 1374
1373 1396
1374 1375
1374 1397
1375 1376
1375 1398
1376 1377
1376 1399
1377 1378
1377 1400
1378 1379
1378 1401
1379 1380
1379 1402
1380 1381
1380 1403
1381 1382
1381 1404
1382 1383
1382 1405
1383 1384
1383 1406
1384 1385
1384 1407
1364 1385
1385 1386
1386 1387
1386 1409
1387 1388
1387 1410
1388 1389
1388 1411
1389 1390
1389 1412
1390 1391
1390 1413
1391 1392
1391 1414
1392 1393
1392 1415
1393 1394
1393 1416
1394 1395
1394 1417
1395 1396
1395 1418
1396 1397
1396 1419
1397 1398
1397 1420
1398 1399
1398 1421
1399 1400
1399 1422
1400 1401
1400 1423
1401 1402
1401 1424
1402 1403
1402 1425
1403 1404
1403 1426
1404 1405
1404 1427
1405 1406
1405 1428
1406 1407
1406 1429
1386 1407
1407 1408
1408 1409
1408 1431
1409 1410
1409 1432
1410 1411
1410 1433
1411 1412
1411 1434
1412 1413
1412 1435
1413 1414
1413 1436
1414 1415
1414 1437
1415 1416
1415 1438
1416 1417
1416 1439
1417 1418
1417 1440
1418 1419
1418 1441
1419 1420
1419 1442
1420 1421
1420 1443
1421 1422
1421 1444
1422 1423
1422 1445
1423 1424
1423 1446
1424 1425
1424 1447
1425 1426
1425 1448
1426 1427
1426 1449
1427 1428
1427 1450
1428 1429
1428 1451
1408 1429
1429 1430
1430 1431
1430 1453
1431 1432
1431 1454
1432 1433
1432 1455
1433 1434
1433 1456
1434 1435
1434 1457
1435 1436
1435 1458
1436 1437
1436 1459
1437 1438
1437 1460
1438 1439
1438 1461
1439 1440
1439 1462
1440 1441
1440 1463
1441 1442
1441 1464
1442 1443
1442 1465
1443 1444
1443 1466
1444 1445
1444 1467
1445 1446
1445 1468
1446 1447
1446 1469
1447 1448
1447 1470
1448 1449
1448 1471
1449 1450
1449 1472
1450 1451
1450 1473
1430 1451
1451 1452
1452 1453
1452 1475
1453 1454
1453 1476
1454 1455
1454 1477
1455 1456
1455 1478
1456 1457
1456 1479
1457 1458
1457 1480
1458 1459
1458 1481
1459 1460
1459 1482
1460 1461
1460 1483
1461 1462
1461 1484
1462 1463
1462 1485
1463 1464
1463 1486
1464 1465
1464 1487
1465 1466
1465 1488
1466 1467
1466 1489
1467 1468
1467 1490
1468 1469
1468 1491
1469 1470
1469 1492
1470 1471
1470 1493
1471 1472
1471 1494
1472 1473
1472 1495
1452 1473
1473 1474
1474 1475
1474 1497
1475 1476
1475 1498
1476 1477
1476 1499
1477 1478
1477 1500
1478 1479
1478 1501
1479 1480
1479 1502
1480 1481
1480 1503
1481 1482
1481 1504
1482 1483
1482 1505
1483 1484
1483 1506
1484 1485
1484 1507
1485 1486
1485 1508
1486 1487
1486 1509
1487 1488
1487 1510
1488 1489
1488 1511
1489 1490
1489 1512
1490 1491
1490 1513
1491 1492
1491 1514
1492 1493
1492 1515
1493 1494
1493 1516
1494 1495
1494 1517
1474 1495
1495 1496
1496 1497
1496 1519
1497 1498
1497 1520
1498 1499
1498 1521
1499 1500
1499 1522
1500 1501
1500 1523
1501 1502
1501 1524
1502 1503
1502 1525
1503 1504
1503 1526
1504 1505
1504 1527
1505 1506
1505 1528
1506 1507
1506 1529
1507 1508
1507 1530
1508 1509
1508 1531
1509 1510
1509 1532
1510 1511
1510 1533
1511 1512
1511 1534
1512 1513
1512 1535
1513 1514
1513 1536
1514 1515
1514 1537
1515 1516
1515 1538
1516 1517
1516 1539
1496 1517
1517 1518
1518 1519
1518 1541
1519 1520
1519 1542
1520 1521
1520 1543
1521 1522
1521 1544
1522 1523
1522 1545
1523 1524
1523 1546
1524 1525
1524 1547
1525 1526
1525 1548
1526 1527
1526 1549
1527 1528
1527 1550
1528 1529
1528 1551
1529 1530
1529 1552
1530 1531
1530 1553
1531 1532
1531 1554
1532 1533
1532 1555
1533 1534
1533 1556
1534 1535
1534 1557
1535 1536
1535 1558
1536 1537
1536 1559
1537 1538
1537 1560
1538 1539
1538 1561
1518 1539
1539 1540
1540 1541
1540 1563
1541 1542
1541 1564
1542 1543
1542 1565
1543 1544
1543 1566
1544 1545
1544 1567
1545 1546
1545 1568
1546 1547
1546 1569
1547 1548
1547 1570
1548 1549
1548 1571
1549 1550
1549 1572
1550 1551
1550 1573
1551 1552
1551 1574
1552 1553
1552 1575
1553 1554
1553 1576
1554 1555
1554 1577
1555 1556
1555 1578
1556 1557
1556 1579
1557 1558
1557 1580
1558 1559
1558 1581
1559 1560
1559 1582
1560 1561
1560 1583
1540 1561
1561 1562
1562 1563
1 1562
1563 1564
2 1563
1564 1565
3 1564
1565 1566
4 1565
1566 1567
5 1566
1567 1568
6 1567
1568 1569
7 1568
1569 1570
8 1569
1570 1571
9 1570
1571 1572
10 1571
1572 1573
11 1572
1573 1574
12 1573
1574 1575
13 1574
1575 1576
14 1575
1576 1577
15 1576
1577 1578
16 1577
1578 1579
17 1578
1579 1580
18 1579
1580 1581
19 1580
1581 1582
20 1581
1582 1583
21 1582
1562 1583
0 1583
