0 33
0 67
0 562
0 595
1 34
1 595
1 628
1 629
2 35
2 661
2 662
2 695
3 36
3 695
3 727
3 728
4 37
4 728
4 761
4 762
5 38
5 795
5 828
5 829
6 39
6 862
6 896
6 1128
7 40
7 963
7 996
7 1129
8 41
8 1063
8 1097
8 1130
9 42
9 76
9 1098
9 1131
10 43
10 77
10 110
10 1132
11 44
11 211
11 244
11 1133
12 45
12 278
12 311
12 345
13 46
13 345
13 378
13 412
14 47
14 378
14 412
14 445
15 48
15 445
15 478
15 479
16 49
16 511
16 512
16 545
17 18
17 50
17 545
17 578
18 578
18 612
18 645
19 52
19 678
19 679
19 712
20 53
20 712
20 744
20 745
21 54
21 745
21 778
21 779
22 55
22 812
22 845
22 846
23 56
23 879
23 913
23 1145
24 57
24 980
24 1013
24 1146
25 58
25 1080
25 1114
25 1147
26 59
26 93
26 1115
26 1148
27 60
27 94
27 127
27 1149
28 61
28 228
28 261
28 1150
29 62
29 295
29 328
29 362
30 63
30 362
30 395
30 429
31 64
31 395
31 429
31 462
32 65
32 462
32 495
32 496
33 528
33 529
33 562
34 68
34 629
34 630
35 69
35 662
35 696
36 696
36 728
36 729
37 762
37 763
37 795
38 72
38 829
38 862
39 73
39 896
39 929
40 74
40 963
40 996
41 75
41 1064
41 1097
42 76
42 109
42 1098
43 77
43 110
43 144
44 78
44 211
44 244
45 79
45 279
45 312
46 80
46 346
46 379
47 81
47 413
47 446
48 479
48 480
48 512
49 83
49 513
49 546
50 546
50 578
50 579
51 52
51 85
51 612
51 613
52 679
52 713
53 713
53 745
53 746
54 779
54 780
54 812
55 89
55 846
55 879
56 90
56 913
56 946
57 91
57 980
57 1013
58 92
58 1081
58 1114
59 93
59 126
59 1115
60 94
60 127
60 161
61 95
61 228
61 261
62 96
62 296
62 329
63 97
63 363
63 396
64 430
64 462
64 463
65 496
65 497
65 529
66 67
66 100
66 530
66 563
67 595
67 596
68 135
68 630
68 663
69 102
69 663
69 697
70 71
70 103
70 729
70 730
71 104
71 763
71 796
72 105
72 796
72 830
73 106
73 863
73 897
74 107
74 930
74 964
75 108
75 1031
75 1064
76 109
76 143
77 110
77 144
78 111
78 145
78 178
79 112
79 279
79 312
80 113
80 346
80 379
81 114
81 413
81 446
82 115
82 480
82 481
82 513
83 116
83 547
83 580
84 117
84 579
84 580
84 613
85 86
85 118
85 646
86 119
86 646
86 680
87 88
87 120
87 746
87 747
88 121
88 780
88 813
89 122
89 813
89 847
90 123
90 880
90 914
91 124
91 947
91 981
92 125
92 1048
92 1081
93 126
93 160
94 127
94 161
95 128
95 162
95 195
96 129
96 296
96 329
97 130
97 363
97 396
98 131
98 430
98 431
98 463
99 100
99 132
99 497
99 530
100 133
100 564
101 134
101 596
101 597
101 631
102 136
102 697
102 698
103 137
103 730
103 764
104 138
104 764
104 797
105 830
105 831
105 863
106 140
106 897
106 930
107 141
107 964
107 997
108 142
108 997
108 1031
109 143
109 1065
110 144
111 145
111 178
111 212
112 146
112 179
112 245
113 147
113 347
113 380
114 148
114 414
114 447
115 149
115 481
115 514
116 150
116 547
116 548
117 151
117 581
117 614
118 152
118 614
118 647
119 153
119 680
119 681
120 154
120 747
120 781
121 155
121 781
121 814
122 847
122 848
122 880
123 157
123 914
123 947
124 158
124 981
124 1014
125 159
125 1014
125 1048
126 160
126 1082
127 161
128 162
128 195
128 229
129 163
129 196
129 262
130 164
130 364
130 397
131 165
131 431
131 464
132 166
132 498
132 531
133 564
133 565
133 597
134 168
134 598
134 631
135 169
135 664
135 698
136 169
136 203
136 731
137 170
137 731
137 765
138 171
138 797
138 798
139 140
139 172
139 831
139 864
140 864
140 898
141 174
141 931
141 965
142 175
142 998
142 1032
143 176
143 1099
144 177
145 178
145 212
146 179
146 213
146 246
147 180
147 347
147 380
148 181
148 414
148 447
149 182
149 482
149 514
150 183
150 548
150 581
151 184
151 615
151 648
152 647
152 648
152 681
153 154
153 186
153 714
154 714
154 748
155 188
155 814
155 815
156 157
156 189
156 848
156 881
157 881
157 915
158 191
158 948
158 982
159 192
159 1015
159 1049
160 193
160 1116
161 194
162 195
162 229
163 196
163 230
163 263
164 197
164 364
164 397
165 198
165 464
165 498
166 199
166 499
166 531
167 168
167 200
167 565
167 598
168 201
168 632
169 664
169 665
170 204
170 765
170 766
171 205
171 798
171 832
172 206
172 832
172 865
173 207
173 898
173 899
173 931
174 208
174 965
174 998
175 209
175 1032
175 1065
176 210
176 1066
176 1099
177 210
177 211
177 278
178 212
179 213
179 246
180 214
180 247
180 313
181 215
181 415
181 448
182 216
182 482
182 515
183 217
183 549
183 582
184 218
184 615
184 616
185 186
185 219
185 649
185 682
186 682
186 715
187 188
187 221
187 748
187 749
188 815
188 849
189 223
189 849
189 882
190 224
190 915
190 916
190 948
191 225
191 982
191 1015
192 226
192 1049
192 1082
193 227
193 1083
193 1116
194 227
194 228
194 295
195 229
196 230
196 263
197 231
197 264
197 330
198 232
198 432
198 465
199 233
199 499
199 532
200 234
200 566
200 599
201 632
201 633
201 665
202 203
202 236
202 666
202 699
203 699
203 732
204 271
204 766
204 799
205 238
205 799
205 833
206 239
206 865
206 866
207 240
207 899
207 932
208 241
208 932
208 966
209 242
209 999
209 1033
210 1066
210 1100
211 244
212 245
213 246
213 280
214 247
214 281
214 314
215 248
215 415
215 448
216 249
216 515
216 549
217 250
217 550
217 582
218 251
218 616
218 649
219 252
219 683
219 716
220 253
220 715
220 716
220 749
221 222
221 254
221 782
222 255
222 782
222 816
223 256
223 882
223 883
224 257
224 916
224 949
225 258
225 949
225 983
226 259
226 1016
226 1050
227 1083
227 1117
228 261
229 262
230 263
230 297
231 264
231 298
231 331
232 265
232 432
232 465
233 266
233 532
233 566
234 267
234 567
234 599
235 236
235 268
235 633
235 666
236 269
236 700
237 270
237 732
237 733
237 767
238 272
238 833
238 834
239 273
239 866
239 900
240 274
240 900
240 933
241 966
241 967
241 999
242 276
242 1000
242 1033
243 276
243 277
243 1067
243 1100
244 278
245 279
245 311
246 280
247 281
247 314
248 282
248 315
248 381
249 283
249 483
249 516
250 284
250 550
250 583
251 285
251 617
251 650
252 286
252 683
252 684
253 287
253 717
253 750
254 288
254 750
254 783
255 289
255 816
255 817
256 290
256 883
256 917
257 291
257 917
257 950
258 983
258 984
258 1016
259 293
259 1017
259 1050
260 293
260 294
260 1084
260 1117
261 295
262 296
262 328
263 297
264 298
264 331
265 299
265 332
265 398
266 300
266 500
266 533
267 301
267 567
267 600
268 302
268 634
268 667
269 700
269 701
269 733
270 304
270 734
270 767
271 305
271 800
271 834
272 305
272 339
272 867
273 306
273 867
273 901
274 307
274 933
274 934
275 276
275 308
275 967
275 1000
276 1034
277 310
277 1067
277 1101
278 1134
279 312
280 281
280 313
281 314
282 315
282 349
282 382
283 316
283 483
283 516
284 317
284 583
284 617
285 318
285 618
285 650
286 319
286 684
286 717
287 320
287 751
287 784
288 783
288 784
288 817
289 290
289 322
289 850
290 850
290 884
291 324
291 950
291 951
292 293
292 325
292 984
292 1017
293 1051
294 327
294 1084
294 1118
295 1151
296 329
297 298
297 330
298 331
299 332
299 366
299 399
300 333
300 500
300 533
301 334
301 600
301 634
302 335
302 635
302 667
303 304
303 336
303 701
303 734
304 337
304 768
305 800
305 801
306 340
306 901
306 902
307 341
307 934
307 968
308 342
308 968
308 1001
309 343
309 1034
309 1035
309 1068
310 344
310 1068
310 1101
311 345
311 1134
312 346
313 347
313 348
314 348
315 349
315 382
316 350
316 383
316 449
317 351
317 551
317 584
318 352
318 618
318 651
319 353
319 685
319 718
320 354
320 751
320 752
321 322
321 355
321 785
321 818
322 818
322 851
323 324
323 357
323 884
323 885
324 951
324 985
325 359
325 985
325 1018
326 360
326 1051
326 1052
326 1085
327 361
327 1085
327 1118
328 362
328 1151
329 363
330 364
330 365
331 365
332 366
332 399
333 367
333 400
333 466
334 368
334 568
334 601
335 369
335 635
335 668
336 370
336 702
336 735
337 768
337 769
337 801
338 339
338 372
338 802
338 835
339 835
339 868
340 407
340 902
340 935
341 374
341 935
341 969
342 375
342 1001
342 1002
343 344
343 376
343 1035
344 377
344 1102
345 1135
346 379
347 380
348 349
348 381
349 382
350 383
350 417
350 450
351 384
351 551
351 584
352 385
352 651
352 685
353 386
353 686
353 718
354 387
354 752
354 785
355 388
355 819
355 852
356 389
356 851
356 852
356 885
357 358
357 390
357 918
358 391
358 918
358 952
359 392
359 1018
359 1019
360 361
360 393
360 1052
361 394
361 1119
362 1152
363 396
364 397
365 366
365 398
366 399
367 400
367 434
367 467
368 401
368 568
368 601
369 402
369 668
369 702
370 403
370 703
370 735
371 372
371 404
371 769
371 802
372 405
372 836
373 406
373 868
373 869
373 903
374 408
374 969
374 970
375 409
375 1002
375 1036
376 410
376 1036
376 1069
377 411
377 1102
377 1103
378 412
378 1135
379 413
380 414
381 415
381 416
382 416
383 417
383 450
384 418
384 451
384 517
385 419
385 619
385 652
386 420
386 686
386 719
387 421
387 753
387 786
388 422
388 819
388 820
389 423
389 853
389 886
390 424
390 886
390 919
391 425
391 952
391 953
392 426
392 1019
392 1053
393 427
393 1053
393 1086
394 428
394 1119
394 1120
395 429
395 1152
396 430
397 431
398 432
398 433
399 433
400 434
400 467
401 435
401 468
401 534
402 436
402 636
402 669
403 437
403 703
403 736
404 438
404 770
404 803
405 836
405 837
405 869
406 440
406 870
406 903
407 441
407 936
407 970
408 441
408 475
408 1003
409 442
409 1003
409 1037
410 443
410 1069
410 1070
411 444
411 1103
411 1104
412 1136
413 446
414 447
415 448
416 417
416 449
417 450
418 451
418 485
418 518
419 452
419 619
419 652
420 453
420 719
420 753
421 454
421 754
421 786
422 455
422 820
422 853
423 456
423 887
423 920
424 919
424 920
424 953
425 426
425 458
425 986
426 986
426 1020
427 460
427 1086
427 1087
428 461
428 1120
428 1121
429 1153
430 463
431 464
432 465
433 434
433 466
434 467
435 468
435 502
435 535
436 469
436 636
436 669
437 470
437 736
437 770
438 471
438 771
438 803
439 440
439 472
439 837
439 870
440 473
440 904
441 936
441 937
442 476
442 1037
442 1038
443 477
443 1070
443 1104
444 445
444 478
444 1137
445 479
446 480
447 481
448 482
449 483
449 484
450 484
451 485
451 518
452 486
452 519
452 585
453 487
453 687
453 720
454 488
454 754
454 787
455 489
455 821
455 854
456 490
456 887
456 888
457 458
457 491
457 921
457 954
458 954
458 987
459 460
459 493
459 1020
459 1021
460 1087
460 1121
461 494
461 495
461 1154
462 496
463 497
464 498
465 499
466 500
466 501
467 501
468 502
468 535
469 503
469 536
469 602
470 504
470 704
470 737
471 505
471 771
471 804
472 506
472 838
472 871
473 904
473 905
473 937
474 475
474 508
474 938
474 971
475 971
475 1004
476 543
476 1038
476 1071
477 510
477 1071
477 1105
478 511
478 1137
479 512
480 513
481 514
482 515
483 516
484 485
484 517
485 518
486 519
486 553
486 586
487 520
487 687
487 720
488 521
488 787
488 821
489 522
489 822
489 854
490 523
490 888
490 921
491 524
491 955
491 988
492 525
492 987
492 988
492 1021
493 494
493 526
493 1054
494 1054
494 1088
495 528
495 1154
496 529
497 530
498 531
499 532
500 533
501 502
501 534
502 535
503 536
503 570
503 603
504 537
504 704
504 737
505 538
505 804
505 838
506 539
506 839
506 871
507 508
507 540
507 905
507 938
508 541
508 972
509 542
509 1004
509 1005
509 1039
510 544
510 1105
510 1106
511 545
511 1138
512 546
513 547
514 548
515 549
516 550
517 551
517 552
518 552
519 553
519 586
520 554
520 587
520 653
521 555
521 755
521 788
522 556
522 822
522 855
523 557
523 889
523 922
524 558
524 955
524 956
525 559
525 989
525 1022
526 560
526 1022
526 1055
527 528
527 561
527 1088
527 1089
528 1155
529 563
530 564
531 565
532 566
533 567
534 568
534 569
535 569
536 570
536 603
537 571
537 604
537 670
538 572
538 772
538 805
539 573
539 839
539 872
540 574
540 906
540 939
541 972
541 973
541 1005
542 576
542 1006
542 1039
543 577
543 1072
543 1106
544 577
544 611
544 1139
545 1139
546 579
547 580
548 581
549 582
550 583
551 584
552 553
552 585
553 586
554 587
554 621
554 654
555 588
555 755
555 788
556 589
556 855
556 889
557 590
557 890
557 922
558 591
558 956
558 989
559 592
559 1023
559 1056
560 1055
560 1056
560 1089
561 562
561 594
561 1122
562 1122
563 594
563 596
564 597
565 598
566 599
567 600
568 601
569 570
569 602
570 603
571 604
571 638
571 671
572 605
572 772
572 805
573 606
573 872
573 906
574 607
574 907
574 939
575 576
575 608
575 973
575 1006
576 609
576 1040
577 1072
577 1073
578 612
579 613
580 614
581 615
582 616
583 617
584 618
585 619
585 620
586 620
587 621
587 654
588 622
588 655
588 721
589 623
589 823
589 856
590 624
590 890
590 923
591 625
591 957
591 990
592 626
592 1023
592 1024
593 594
593 627
593 1057
593 1090
594 1123
595 629
596 630
597 631
598 632
599 633
600 634
601 635
602 636
602 637
603 637
604 638
604 671
605 639
605 672
605 738
606 640
606 840
606 873
607 641
607 907
607 940
608 642
608 974
608 1007
609 1040
609 1041
609 1073
610 611
610 644
610 1074
610 1107
611 1107
611 1140
612 679
613 646
614 647
615 648
616 649
617 650
618 651
619 652
620 621
620 653
621 654
622 655
622 689
622 722
623 656
623 823
623 856
624 657
624 923
624 957
625 658
625 958
625 990
626 659
626 1024
626 1057
627 660
627 1090
627 1091
628 660
628 661
628 1123
629 662
630 663
631 664
632 665
633 666
634 667
635 668
636 669
637 638
637 670
638 671
639 672
639 706
639 739
640 673
640 840
640 873
641 674
641 940
641 974
642 675
642 975
642 1007
643 644
643 676
643 1041
643 1074
644 677
644 1108
645 677
645 678
645 1140
646 680
647 681
648 682
649 683
650 684
651 685
652 686
653 687
653 688
654 688
655 689
655 722
656 690
656 723
656 789
657 691
657 891
657 924
658 692
658 958
658 991
659 693
659 1025
659 1058
660 1091
660 1092
661 695
661 1124
662 696
663 697
664 698
665 699
666 700
667 701
668 702
669 703
670 704
670 705
671 705
672 706
672 739
673 707
673 740
673 806
674 708
674 908
674 941
675 709
675 975
675 1008
676 710
676 1042
676 1075
677 1108
677 1109
678 712
678 1141
679 713
680 747
681 714
682 715
683 716
684 717
685 718
686 719
687 720
688 689
688 721
689 722
690 723
690 757
690 790
691 724
691 891
691 924
692 725
692 991
692 1025
693 726
693 1026
693 1058
694 726
694 727
694 1092
694 1093
695 1125
696 729
697 730
698 731
699 732
700 733
701 734
702 735
703 736
704 737
705 706
705 738
706 739
707 740
707 774
707 807
708 741
708 908
708 941
709 742
709 1008
709 1042
710 743
710 1043
710 1075
711 743
711 744
711 1109
711 1110
712 1142
713 746
714 748
715 749
716 750
717 751
718 752
719 753
720 754
721 755
721 756
722 756
723 757
723 790
724 758
724 791
724 857
725 759
725 959
725 992
726 1026
726 1059
727 1093
727 1126
728 762
729 763
730 764
731 765
732 766
733 767
734 768
735 769
736 770
737 771
738 772
738 773
739 773
740 774
740 807
741 775
741 808
741 874
742 776
742 976
742 1009
743 1043
743 1076
744 778
744 1110
745 779
746 780
747 781
748 815
749 782
750 783
751 784
752 785
753 786
754 787
755 788
756 757
756 789
757 790
758 791
758 825
758 858
759 792
759 959
759 992
760 793
760 827
760 1027
760 1059
761 794
761 1094
761 1126
762 795
763 796
764 797
765 798
766 799
767 800
768 801
769 802
770 803
771 804
772 805
773 774
773 806
774 807
775 808
775 842
775 875
776 809
776 976
776 1009
777 810
777 844
777 1044
777 1076
778 811
778 1143
779 812
780 813
781 814
782 816
783 817
784 818
785 819
786 820
787 821
788 822
789 823
789 824
790 824
791 825
791 858
792 826
792 859
792 925
793 827
793 993
793 1060
794 828
794 1094
794 1127
795 829
796 830
797 831
798 832
799 833
800 834
801 835
802 836
803 837
804 838
805 839
806 840
806 841
807 841
808 842
808 875
809 843
809 876
809 942
810 844
810 1010
810 1077
811 845
811 1111
811 1144
812 846
813 847
814 848
815 849
816 883
817 850
818 851
819 852
820 853
821 854
822 855
823 856
824 825
824 857
825 858
826 859
826 893
826 926
827 1027
827 1060
828 861
828 1127
829 862
830 863
831 864
832 865
833 866
834 867
835 868
836 869
837 870
838 871
839 872
840 873
841 842
841 874
842 875
843 876
843 910
843 943
844 1044
844 1077
845 1111
845 1144
846 879
847 880
848 881
849 882
850 884
851 885
852 886
853 887
854 888
855 889
856 890
857 891
857 892
858 892
859 893
859 926
860 894
860 927
860 961
860 993
861 895
861 1061
861 1095
862 896
863 897
864 898
865 899
866 900
867 901
868 902
869 903
870 904
871 905
872 906
873 907
874 908
874 909
875 909
876 910
876 943
877 911
877 944
877 978
877 1010
878 912
878 945
878 1078
878 1112
879 913
880 914
881 915
882 916
883 917
884 951
885 918
886 919
887 920
888 921
889 922
890 923
891 924
892 893
892 925
893 926
894 927
894 961
894 994
895 928
895 1061
895 1095
896 929
897 930
898 931
899 932
900 933
901 934
902 935
903 936
904 937
905 938
906 939
907 940
908 941
909 910
909 942
910 943
911 944
911 978
911 1011
912 945
912 1078
912 1112
913 946
914 947
915 948
916 949
917 950
918 952
919 953
920 954
921 955
922 956
923 957
924 958
925 959
925 960
926 960
927 961
927 994
928 962
928 995
928 1029
929 963
929 1096
930 964
931 965
932 966
933 967
934 968
935 969
936 970
937 971
938 972
939 973
940 974
941 975
942 976
942 977
943 977
944 978
944 1011
945 979
945 1012
946 980
946 1113
947 981
948 982
949 983
950 984
951 985
952 1019
953 986
954 987
955 988
956 989
957 990
958 991
959 992
960 993
960 1028
961 994
962 995
962 1029
962 1062
963 996
964 997
965 998
966 999
967 1000
968 1001
969 1002
970 1003
971 1004
972 1005
973 1006
974 1007
975 1008
976 1009
977 1010
977 1045
978 1011
979 1012
979 1046
979 1079
980 1013
981 1014
982 1015
983 1016
984 1017
985 1018
986 1020
987 1021
988 1022
989 1023
990 1024
991 1025
992 1026
993 1027
994 1028
995 1029
995 1062
996 1030
997 1031
998 1032
999 1033
1000 1034
1001 1035
1002 1036
1003 1037
1004 1038
1005 1039
1006 1040
1007 1041
1008 1042
1009 1043
1010 1044
1011 1045
1012 1046
1012 1079
1013 1047
1014 1048
1015 1049
1016 1050
1017 1051
1018 1052
1019 1053
1020 1087
1021 1054
1022 1055
1023 1056
1024 1057
1025 1058
1026 1059
1027 1060
1028 1061
1028 1096
1029 1062
1030 1063
1031 1064
1032 1065
1033 1066
1034 1067
1035 1068
1036 1069
1037 1070
1038 1071
1039 1072
1040 1073
1041 1074
1042 1075
1043 1076
1044 1077
1045 1046
1045 1078
1046 1079
1047 1080
1047 1113
1048 1081
1049 1082
1050 1083
1051 1084
1052 1085
1053 1086
1054 1088
1055 1089
1056 1090
1057 1091
1058 1092
1059 1093
1060 1094
1061 1095
1062 1096
1063 1097
1064 1098
1065 1099
1066 1100
1067 1101
1068 1102
1069 1103
1070 1104
1071 1105
1072 1106
1073 1107
1074 1108
1075 1109
1076 1110
1077 1111
1078 1112
1079 1113
1080 1114
1081 1115
1082 1116
1083 1117
1084 1118
1085 1119
1086 1120
1087 1121
1088 1155
1089 1122
1090 1123
1091 1124
1092 1125
1093 1126
1094 1127
1095 1128
1096 1129
1097 1130
1098 1131
1099 1132
1100 1133
1101 1134
1102 1135
1103 1136
1104 1137
1105 1138
1106 1139
1107 1140
1108 1141
1109 1142
1110 1143
1111 1144
1112 1145
1113 1146
1114 1147
1115 1148
1116 1149
1117 1150
1118 1151
1119 1152
1120 1153
1121 1154
1122 1155
1123 1124
1124 1125
1125 1126
1126 1127
1127 1128
1128 1129
1129 1130
1130 1131
1131 1132
1132 1133
1133 1134
1134 1135
1135 1136
1136 1137
1137 1138
1138 1139
1139 1140
1140 1141
1141 1142
1142 1143
1143 1144
1144 1145
1145 1146
1146 1147
1147 1148
1148 1149
1149 1150
1150 1151
1151 1152
1152 1153
1153 1154
1154 1155
