0 67
0 594
0 627
0 628
1 34
1 660
1 694
1 1123
2 35
2 694
2 726
2 727
3 36
3 727
3 760
3 761
4 37
4 827
4 828
4 1126
5 38
5 861
5 895
5 1127
6 39
6 962
6 995
6 1128
7 40
7 1062
7 1096
7 1129
8 41
8 75
8 1097
8 1130
9 42
9 76
9 109
9 1131
10 43
10 210
10 243
10 1132
11 44
11 277
11 310
11 344
12 45
12 344
12 377
12 411
13 46
13 411
13 444
13 1135
14 47
14 444
14 477
14 478
15 48
15 510
15 511
15 544
16 49
16 544
16 610
16 611
17 50
17 611
17 644
17 645
18 51
18 677
18 678
18 711
19 52
19 711
19 743
19 744
20 53
20 744
20 777
20 778
21 54
21 811
21 844
21 845
22 55
22 878
22 912
22 1144
23 56
23 979
23 1012
23 1145
24 57
24 1079
24 1113
24 1146
25 58
25 92
25 1114
25 1147
26 59
26 93
26 126
26 1148
27 60
27 227
27 260
27 1149
28 61
28 294
28 327
28 361
29 62
29 361
29 394
29 428
30 63
30 428
30 461
30 1152
31 64
31 494
31 495
31 528
32 65
32 527
32 528
32 561
33 66
33 561
33 593
33 594
34 68
34 661
34 695
35 69
35 695
35 728
36 70
36 761
36 794
37 71
37 794
37 828
38 72
38 861
38 895
39 73
39 962
39 995
40 74
40 1063
40 1096
41 75
41 108
41 1097
42 76
42 109
42 143
43 77
43 210
43 243
44 78
44 278
44 311
45 79
45 345
45 378
46 80
46 412
46 445
47 81
47 478
47 511
48 82
48 544
48 545
49 83
49 578
49 611
50 84
50 612
50 645
51 85
51 678
51 712
52 86
52 712
52 745
53 87
53 778
53 811
54 88
54 845
54 878
55 89
55 912
55 945
56 90
56 979
56 1012
57 91
57 1080
57 1113
58 92
58 125
58 1114
59 93
59 126
59 160
60 94
60 227
60 260
61 95
61 295
61 328
62 96
62 362
62 395
63 429
63 461
63 462
64 98
64 495
64 496
65 99
65 561
65 562
66 100
66 594
66 595
67 628
67 629
67 661
68 135
68 662
68 696
69 102
69 728
69 762
70 103
70 762
70 795
71 104
71 795
71 829
72 105
72 862
72 896
73 106
73 929
73 963
74 107
74 1030
74 1063
75 108
75 142
76 109
76 143
77 110
77 144
77 177
78 111
78 278
78 311
79 112
79 345
79 378
80 113
80 412
80 445
81 114
81 479
81 512
82 115
82 545
82 546
83 578
83 579
83 612
84 85
84 117
84 679
85 679
85 713
86 119
86 745
86 779
87 120
87 779
87 812
88 121
88 812
88 846
89 122
89 879
89 913
90 123
90 946
90 980
91 124
91 1047
91 1080
92 125
92 159
93 126
93 160
94 127
94 161
94 194
95 128
95 295
95 328
96 129
96 362
96 395
97 130
97 429
97 462
97 496
98 99
98 131
98 529
99 562
99 563
100 595
100 596
100 629
101 133
101 134
101 630
101 662
102 136
102 729
102 763
103 137
103 763
103 796
104 138
104 829
104 862
105 139
105 896
105 929
106 140
106 963
106 996
107 141
107 996
107 1030
108 142
108 1064
109 143
110 144
110 177
110 211
111 145
111 178
111 244
112 146
112 346
112 379
113 147
113 413
113 446
114 480
114 512
114 513
115 149
115 546
115 579
116 117
116 150
116 580
116 613
117 151
117 646
118 152
118 680
118 713
118 746
119 153
119 746
119 780
120 154
120 780
120 813
121 155
121 846
121 879
122 156
122 913
122 946
123 157
123 980
123 1013
124 158
124 1013
124 1047
125 159
125 1081
126 160
127 161
127 194
127 228
128 162
128 195
128 261
129 163
129 363
129 396
130 164
130 430
130 463
131 497
131 529
131 530
132 166
132 563
132 564
132 596
133 134
133 167
133 630
134 168
134 663
135 696
135 697
135 729
136 203
136 730
136 764
137 170
137 796
137 830
138 171
138 830
138 863
139 172
139 863
139 897
140 173
140 930
140 964
141 174
141 997
141 1031
142 175
142 1098
143 176
144 177
144 211
145 178
145 212
145 245
146 179
146 346
146 379
147 180
147 413
147 446
148 181
148 480
148 513
148 547
149 182
149 547
149 580
150 183
150 613
150 614
151 646
151 647
151 680
152 153
152 185
152 747
153 747
153 781
154 187
154 813
154 847
155 188
155 847
155 880
156 189
156 880
156 914
157 190
157 947
157 981
158 191
158 1014
158 1048
159 192
159 1115
160 193
161 194
161 228
162 195
162 229
162 262
163 196
163 363
163 396
164 197
164 430
164 463
165 198
165 497
165 530
165 564
166 167
166 199
166 597
167 200
167 631
168 663
168 664
168 697
169 201
169 202
169 698
169 730
170 204
170 797
170 831
171 205
171 831
171 864
172 206
172 897
172 930
173 207
173 964
173 997
174 208
174 1031
174 1064
175 209
175 1065
175 1098
176 209
176 210
176 277
177 211
178 212
178 245
179 213
179 246
179 312
180 214
180 414
180 447
181 215
181 481
181 514
182 216
182 548
182 581
183 217
183 614
183 647
184 185
184 218
184 648
184 681
185 219
185 714
186 220
186 748
186 781
186 814
187 221
187 814
187 848
188 222
188 848
188 881
189 223
189 914
189 947
190 224
190 981
190 1014
191 225
191 1048
191 1081
192 226
192 1082
192 1115
193 226
193 227
193 294
194 228
195 229
195 262
196 230
196 263
196 329
197 231
197 431
197 464
198 232
198 498
198 531
199 565
199 597
199 598
200 234
200 631
200 664
201 202
201 235
201 698
202 236
202 731
203 764
203 765
203 797
204 271
204 798
204 832
205 238
205 864
205 898
206 239
206 898
206 931
207 240
207 931
207 965
208 241
208 998
208 1032
209 242
209 1099
210 243
211 244
212 245
212 279
213 246
213 280
213 313
214 247
214 414
214 447
215 248
215 481
215 514
216 249
216 548
216 581
217 250
217 615
217 648
218 251
218 681
218 682
219 714
219 715
219 748
220 221
220 253
220 815
221 815
221 849
222 255
222 881
222 915
223 256
223 915
223 948
224 257
224 948
224 982
225 258
225 1015
225 1049
226 259
226 1116
227 260
228 261
229 262
229 296
230 263
230 297
230 330
231 264
231 431
231 464
232 265
232 498
232 531
233 266
233 565
233 598
233 632
234 267
234 632
234 665
235 268
235 699
235 732
236 731
236 732
236 765
237 269
237 270
237 766
237 798
238 272
238 865
238 899
239 273
239 899
239 932
240 274
240 965
240 998
241 275
241 1032
241 1065
242 276
242 1066
242 1099
243 277
244 278
244 310
245 279
246 280
246 313
247 281
247 314
247 380
248 282
248 482
248 515
249 283
249 549
249 582
250 284
250 616
250 649
251 285
251 682
251 715
252 253
252 286
252 716
252 749
253 287
253 782
254 288
254 816
254 849
254 882
255 289
255 882
255 916
256 290
256 916
256 949
257 291
257 982
257 1015
258 292
258 1049
258 1082
259 293
259 1083
259 1116
260 294
261 295
261 327
262 296
263 297
263 330
264 298
264 331
264 397
265 299
265 499
265 532
266 300
266 566
266 599
267 633
267 665
267 666
268 302
268 699
268 700
269 270
269 303
269 766
270 304
270 799
271 832
271 833
271 865
272 339
272 866
272 900
273 306
273 932
273 966
274 307
274 966
274 999
275 308
275 999
275 1033
276 309
276 1066
276 1100
277 310
278 311
279 280
279 312
280 313
281 314
281 348
281 381
282 315
282 482
282 515
283 316
283 549
283 582
284 317
284 616
284 649
285 318
285 683
285 716
286 319
286 749
286 750
287 782
287 783
287 816
288 289
288 321
288 883
289 883
289 917
290 323
290 949
290 983
291 324
291 983
291 1016
292 325
292 1016
292 1050
293 326
293 1083
293 1117
294 327
295 328
296 297
296 329
297 330
298 331
298 365
298 398
299 332
299 499
299 532
300 333
300 566
300 599
301 334
301 633
301 666
301 700
302 303
302 335
302 733
303 336
303 767
304 799
304 800
304 833
305 337
305 338
305 834
305 866
306 340
306 933
306 967
307 341
307 967
307 1000
308 342
308 1033
308 1034
309 343
309 1067
309 1100
310 1133
311 345
312 346
312 347
313 347
314 348
314 381
315 349
315 382
315 448
316 350
316 550
316 583
317 351
317 617
317 650
318 352
318 684
318 717
319 353
319 750
319 783
320 321
320 354
320 784
320 817
321 355
321 850
322 356
322 884
322 917
322 950
323 357
323 950
323 984
324 358
324 984
324 1017
325 359
325 1050
325 1051
326 360
326 1084
326 1117
327 1150
328 362
329 363
329 364
330 364
331 365
331 398
332 366
332 399
332 465
333 367
333 567
333 600
334 368
334 634
334 667
335 701
335 733
335 734
336 370
336 767
336 800
337 338
337 371
337 834
338 372
338 867
339 900
339 901
339 933
340 407
340 934
340 968
341 374
341 1000
341 1001
342 375
342 1034
342 1067
343 344
343 376
343 1101
344 377
345 378
346 379
347 348
347 380
348 381
349 382
349 416
349 449
350 383
350 550
350 583
351 384
351 617
351 650
352 385
352 684
352 717
353 386
353 751
353 784
354 387
354 817
354 818
355 850
355 851
355 884
356 357
356 389
356 951
357 951
357 985
358 391
358 1017
358 1018
359 392
359 1051
359 1084
360 361
360 393
360 1118
361 394
362 395
363 396
364 365
364 397
365 398
366 399
366 433
366 466
367 400
367 567
367 600
368 401
368 634
368 667
369 402
369 701
369 734
369 768
370 403
370 768
370 801
371 404
371 835
371 868
372 867
372 868
372 901
373 405
373 406
373 902
373 934
374 408
374 1001
374 1035
375 409
375 1035
375 1068
376 410
376 1101
376 1102
377 411
377 1134
378 412
379 413
380 414
380 415
381 415
382 416
382 449
383 417
383 450
383 516
384 418
384 618
384 651
385 419
385 685
385 718
386 420
386 752
386 785
387 421
387 818
387 851
388 389
388 422
388 852
388 885
389 423
389 918
390 391
390 424
390 952
390 985
391 1018
391 1052
392 426
392 1052
392 1085
393 427
393 1118
393 1119
394 428
394 1151
395 429
396 430
397 431
397 432
398 432
399 433
399 466
400 434
400 467
400 533
401 435
401 635
401 668
402 436
402 702
402 735
403 769
403 801
403 802
404 438
404 835
404 836
405 406
405 439
405 902
406 440
406 935
407 441
407 968
407 969
408 475
408 1002
408 1036
409 442
409 1068
409 1069
410 443
410 1102
410 1103
411 444
412 445
413 446
414 447
415 416
415 448
416 449
417 450
417 484
417 517
418 451
418 618
418 651
419 452
419 685
419 718
420 453
420 752
420 785
421 454
421 819
421 852
422 455
422 885
422 886
423 918
423 919
423 952
424 425
424 457
424 1019
425 458
425 1019
425 1053
426 459
426 1085
426 1086
427 460
427 1119
427 1120
428 461
429 462
430 463
431 464
432 433
432 465
433 466
434 467
434 501
434 534
435 468
435 635
435 668
436 469
436 702
436 735
437 470
437 769
437 802
437 836
438 439
438 471
438 869
439 472
439 903
440 935
440 936
440 969
441 474
441 970
441 1002
442 476
442 1069
442 1103
443 476
443 477
443 1136
444 478
445 479
446 480
447 481
448 482
448 483
449 483
450 484
450 517
451 485
451 518
451 584
452 486
452 686
452 719
453 487
453 753
453 786
454 488
454 820
454 853
455 489
455 886
455 919
456 457
456 490
456 920
456 953
457 491
457 986
458 492
458 1020
458 1053
459 493
459 1086
459 1120
460 493
460 494
460 1153
461 495
462 496
463 497
464 498
465 499
465 500
466 500
467 501
467 534
468 502
468 535
468 601
469 503
469 703
469 736
470 504
470 770
470 803
471 837
471 869
471 870
472 506
472 903
472 936
473 474
473 506
473 507
473 970
474 508
474 1003
475 509
475 1036
475 1037
476 1070
476 1104
477 510
477 1136
478 511
479 510
479 512
480 513
481 514
482 515
483 484
483 516
484 517
485 518
485 552
485 585
486 519
486 686
486 719
487 520
487 753
487 786
488 521
488 820
488 853
489 522
489 887
489 920
490 523
490 953
490 954
491 986
491 987
491 1020
492 493
492 525
492 1087
493 1121
494 527
494 1153
495 528
496 529
497 530
498 531
499 532
500 501
500 533
501 534
502 535
502 569
502 602
503 536
503 703
503 736
504 537
504 770
504 803
505 538
505 837
505 870
505 904
506 904
506 937
507 540
507 971
507 1004
508 1003
508 1004
508 1037
509 542
509 1038
509 1070
510 1137
511 545
512 546
513 547
514 548
515 549
516 550
516 551
517 551
518 552
518 585
519 553
519 586
519 652
520 554
520 754
520 787
521 555
521 821
521 854
522 556
522 888
522 921
523 557
523 954
523 987
524 525
524 558
524 988
524 1021
525 1054
525 1087
526 527
526 560
526 1088
526 1121
527 1154
528 562
529 563
530 564
531 565
532 566
533 567
533 568
534 568
535 569
535 602
536 570
536 603
536 669
537 571
537 771
537 804
538 572
538 838
538 871
539 573
539 905
539 937
539 938
540 574
540 971
540 972
541 542
541 574
541 575
541 1038
542 576
542 1071
543 576
543 577
543 1104
543 1105
544 1138
545 578
546 579
547 580
548 581
549 582
550 583
551 552
551 584
552 585
553 586
553 620
553 653
554 587
554 754
554 787
555 588
555 821
555 854
556 589
556 888
556 921
557 590
557 955
557 988
558 591
558 1021
558 1022
559 592
559 1054
559 1055
559 1088
560 593
560 1089
560 1155
561 1155
562 595
563 596
564 597
565 598
566 599
567 600
568 569
568 601
569 602
570 603
570 637
570 670
571 604
571 771
571 804
572 605
572 838
572 871
573 606
573 905
573 938
574 972
574 1005
575 608
575 1039
575 1072
576 1071
576 1105
577 610
577 1106
577 1138
578 612
579 613
580 614
581 615
582 616
583 617
584 618
584 619
585 619
586 620
586 653
587 621
587 654
587 720
588 622
588 822
588 855
589 623
589 889
589 922
590 624
590 956
590 989
591 625
591 1022
591 1055
592 593
592 626
592 1089
593 1122
594 628
595 629
596 630
597 631
598 632
599 633
600 634
601 635
601 636
602 636
603 637
603 670
604 638
604 671
604 737
605 639
605 839
605 872
606 640
606 906
606 939
607 641
607 973
607 1005
607 1006
608 642
608 1039
608 1072
609 610
609 642
609 643
609 1106
610 1139
611 645
612 679
613 646
614 647
615 648
615 683
616 649
617 650
618 651
619 620
619 652
620 653
621 654
621 688
621 721
622 655
622 822
622 855
623 656
623 889
623 922
624 657
624 956
624 989
625 658
625 1023
625 1056
626 659
626 1056
626 1090
627 659
627 660
627 1122
628 661
629 662
630 663
631 664
632 665
633 666
634 667
635 668
636 637
636 669
637 670
638 671
638 705
638 738
639 672
639 839
639 872
640 673
640 906
640 939
641 674
641 973
641 1006
642 1040
642 1073
643 644
643 676
643 1107
644 677
644 1139
645 678
646 680
647 681
648 682
649 683
650 684
651 685
652 686
652 687
653 687
654 688
654 721
655 689
655 722
655 788
656 690
656 890
656 923
657 691
657 957
657 990
658 692
658 1024
658 1057
659 693
659 1090
660 694
660 1123
661 695
662 696
663 697
664 698
665 699
666 700
667 701
668 702
669 703
669 704
670 704
671 705
671 738
672 706
672 739
672 805
673 707
673 907
673 940
674 708
674 974
674 1007
675 709
675 1041
675 1073
675 1074
676 710
676 1107
676 1108
677 711
677 1140
678 712
679 713
680 747
681 714
682 715
683 716
684 717
685 718
686 719
687 688
687 720
688 721
689 722
689 756
689 789
690 723
690 890
690 923
691 724
691 957
691 990
692 725
692 1024
692 1057
693 726
693 1091
693 1124
694 727
695 728
696 729
697 730
698 731
699 732
700 733
701 734
702 735
703 736
704 705
704 737
705 738
706 739
706 773
706 806
707 740
707 907
707 940
708 741
708 974
708 1007
709 742
709 1041
709 1074
710 743
710 1108
710 1141
711 744
712 745
713 746
714 748
715 749
716 750
717 751
718 752
719 753
720 754
720 755
721 755
722 756
722 789
723 757
723 790
723 856
724 758
724 958
724 991
725 759
725 1025
725 1058
726 1092
726 1125
727 761
728 762
729 763
730 764
731 765
732 766
733 767
734 768
735 769
736 770
737 771
737 772
738 772
739 773
739 806
740 774
740 807
740 873
741 775
741 975
741 1008
742 776
742 1042
742 1075
743 1109
743 1141
744 778
745 779
746 780
747 781
748 815
749 782
750 783
751 784
751 819
752 785
753 786
754 787
755 756
755 788
756 789
757 790
757 824
757 857
758 791
758 958
758 991
759 792
759 1025
759 1058
760 793
760 1092
760 1125
761 794
762 795
763 796
764 797
765 798
766 799
767 800
768 801
769 802
770 803
771 804
772 773
772 805
773 806
774 807
774 841
774 874
775 808
775 975
775 1008
776 809
776 1042
776 1075
777 810
777 1109
777 1142
778 811
779 812
780 813
781 814
782 816
783 817
784 818
785 819
786 820
787 821
788 822
788 823
789 823
790 824
790 857
791 825
791 858
791 924
792 826
792 1026
792 1059
793 827
793 1093
793 1126
794 828
795 829
796 830
797 831
798 832
799 833
800 834
801 835
802 836
803 837
804 838
805 839
805 840
806 840
807 841
807 874
808 842
808 875
808 941
809 843
809 1043
809 1076
810 844
810 1110
810 1143
811 845
812 846
813 847
814 848
815 849
816 883
817 850
818 851
819 852
820 853
821 854
822 855
823 824
823 856
824 857
825 858
825 892
825 925
826 859
826 1026
826 1059
827 860
827 1126
828 861
829 862
830 863
831 864
832 865
833 866
834 867
835 868
836 869
837 870
838 871
839 872
840 841
840 873
841 874
842 875
842 909
842 942
843 876
843 1043
843 1076
844 1110
844 1143
845 878
846 879
847 880
848 881
849 882
850 884
851 885
852 886
853 887
854 888
855 889
856 890
856 891
857 891
858 892
858 925
859 893
859 926
859 992
860 894
860 1060
860 1094
861 895
862 896
863 897
864 898
865 899
866 900
867 901
868 902
869 903
870 904
871 905
872 906
873 907
873 908
874 908
875 909
875 942
876 910
876 943
876 1009
877 911
877 944
877 1077
877 1111
878 912
879 913
880 914
881 915
882 916
883 917
884 951
885 918
886 919
887 920
887 955
888 921
889 922
890 923
891 892
891 924
892 925
893 926
893 960
893 993
894 927
894 1060
894 1094
895 928
896 929
897 930
898 931
899 932
900 933
901 934
902 935
903 936
904 937
905 938
906 939
907 940
908 909
908 941
909 942
910 943
910 977
910 1010
911 944
911 1077
911 1111
912 945
913 946
914 947
915 948
916 949
917 950
918 952
919 953
920 954
921 955
922 956
923 957
924 958
924 959
925 959
926 960
926 993
927 961
927 994
927 1028
928 962
928 1061
928 1095
929 963
930 964
931 965
932 966
933 967
934 968
935 969
936 970
937 971
938 972
939 973
940 974
941 975
941 976
942 976
943 977
943 1010
944 978
944 1011
945 979
945 1112
946 980
947 981
948 982
949 983
950 984
951 985
952 1019
953 986
954 987
955 988
956 989
957 990
958 991
959 960
959 992
960 993
961 994
961 1028
961 1061
962 995
963 996
964 997
965 998
966 999
967 1000
968 1001
969 1002
970 1003
971 1004
972 1005
973 1006
974 1007
975 1008
976 977
976 1009
977 1010
978 1011
978 1045
978 1078
979 1012
980 1013
981 1014
982 1015
983 1016
984 1017
985 1018
986 1020
987 1021
988 1022
989 1023
990 1024
991 1025
992 1026
992 1093
993 1027
994 1028
994 1095
995 1029
996 1030
997 1031
998 1032
999 1033
1000 1034
1001 1035
1002 1036
1003 1037
1004 1038
1005 1039
1006 1040
1007 1041
1008 1042
1009 1043
1009 1044
1010 1044
1011 1045
1011 1078
1012 1046
1013 1047
1014 1048
1015 1049
1016 1050
1017 1051
1018 1052
1019 1053
1020 1087
1021 1054
1022 1055
1023 1056
1023 1091
1024 1057
1025 1058
1026 1059
1027 1029
1027 1060
1027 1062
1028 1061
1029 1062
1030 1063
1031 1064
1032 1065
1033 1066
1034 1067
1035 1068
1036 1069
1037 1070
1038 1071
1039 1072
1040 1044
1040 1073
1041 1074
1042 1075
1043 1076
1044 1077
1045 1078
1045 1112
1046 1079
1047 1080
1048 1081
1049 1082
1050 1083
1051 1084
1052 1085
1053 1086
1054 1088
1055 1089
1056 1090
1057 1091
1058 1092
1059 1093
1060 1094
1061 1095
1062 1096
1063 1097
1064 1098
1065 1099
1066 1100
1067 1101
1068 1102
1069 1103
1070 1104
1071 1105
1072 1106
1073 1107
1074 1108
1075 1109
1076 1110
1077 1111
1078 1112
1079 1113
1080 1114
1081 1115
1082 1116
1083 1117
1084 1118
1085 1119
1086 1120
1087 1121
1088 1155
1089 1122
1090 1123
1091 1124
1092 1125
1093 1126
1094 1127
1095 1128
1096 1129
1097 1130
1098 1131
1099 1132
1100 1133
1101 1134
1102 1135
1103 1136
1104 1137
1105 1138
1106 1139
1107 1140
1108 1141
1109 1142
1110 1143
1111 1144
1112 1145
1113 1146
1114 1147
1115 1148
1116 1149
1117 1150
1118 1151
1119 1152
1120 1153
1121 1154
1122 1155
1123 1124
1124 1125
1125 1126
1126 1127
1127 1128
1128 1129
1129 1130
1130 1131
1131 1132
1132 1133
1133 1134
1134 1135
1135 1136
1136 1137
1137 1138
1138 1139
1139 1140
1140 1141
1141 1142
1142 1143
1143 1144
1144 1145
1145 1146
1146 1147
1147 1148
1148 1149
1149 1150
1150 1151
1151 1152
1152 1153
1153 1154
1154 1155
