0 67
0 757
0 790
0 824
1 34
1 824
1 857
1 1123
2 35
2 924
2 958
2 991
3 36
3 1058
3 1092
3 1125
4 37
4 71
4 1093
4 1126
5 38
5 72
5 105
5 1127
6 39
6 73
6 172
6 206
7 40
7 240
7 273
7 274
8 41
8 307
8 340
8 341
9 42
9 374
9 408
9 441
10 43
10 474
10 475
10 508
11 44
11 508
11 540
11 541
12 45
12 541
12 574
12 575
13 46
13 607
13 608
13 641
14 47
14 641
14 673
14 674
15 48
15 674
15 707
15 708
16 49
16 740
16 741
16 774
17 50
17 774
17 807
17 841
18 51
18 841
18 874
18 908
19 52
19 941
19 975
19 1008
20 53
20 1043
20 1109
20 1142
21 54
21 88
21 1110
21 1143
22 55
22 89
22 122
22 1144
23 56
23 90
23 189
23 223
24 57
24 257
24 290
24 291
25 58
25 324
25 357
25 358
26 59
26 391
26 424
26 425
27 60
27 457
27 458
27 491
28 61
28 491
28 523
28 524
29 62
29 524
29 557
29 558
30 63
30 590
30 591
30 624
31 64
31 624
31 656
31 657
32 65
32 657
32 690
32 691
33 66
33 723
33 724
33 757
34 68
34 857
34 858
35 69
35 892
35 925
36 70
36 992
36 1026
37 71
37 104
37 1093
38 72
38 105
38 139
39 73
39 106
39 140
40 74
40 240
40 274
41 75
41 307
41 341
42 76
42 374
42 408
43 77
43 475
43 509
44 78
44 541
44 542
45 575
45 576
45 608
46 80
46 641
46 642
47 642
47 674
47 675
48 82
48 708
48 709
49 83
49 741
49 775
50 84
50 807
50 808
51 85
51 874
51 875
52 86
52 909
52 942
53 87
53 1009
53 1043
54 88
54 121
54 1110
55 89
55 122
55 156
56 90
56 123
56 157
57 91
57 257
57 291
58 92
58 324
58 358
59 93
59 391
59 425
60 94
60 458
60 492
61 95
61 524
61 525
62 558
62 559
62 591
63 97
63 624
63 625
64 98
64 625
64 658
65 99
65 691
65 692
66 100
66 724
66 758
67 101
67 790
67 791
68 135
68 825
68 858
69 102
69 892
69 925
70 103
70 992
70 1026
71 104
71 1094
72 105
72 139
73 106
73 140
74 107
74 141
74 207
75 108
75 308
75 342
76 109
76 375
76 409
77 442
77 476
77 509
78 111
78 542
78 576
79 80
79 112
79 577
79 609
80 113
80 643
81 82
81 114
81 675
81 676
82 709
82 742
83 742
83 775
83 776
84 117
84 808
84 842
85 118
85 842
85 875
86 119
86 909
86 942
87 120
87 1009
87 1076
88 121
88 1111
89 122
89 156
90 123
90 157
91 124
91 158
91 224
92 125
92 325
92 359
93 126
93 392
93 426
94 459
94 492
94 493
95 128
95 525
95 559
96 97
96 128
96 129
96 592
97 592
97 626
98 131
98 658
98 659
99 132
99 692
99 725
100 725
100 758
100 759
101 134
101 791
101 825
102 136
102 893
102 926
103 137
103 960
103 993
104 1060
104 1094
105 139
106 140
106 173
107 141
107 174
107 208
108 142
108 308
108 342
109 143
109 375
109 409
110 144
110 442
110 476
110 543
111 145
111 543
111 577
112 146
112 609
112 610
113 643
113 644
113 676
114 115
114 148
114 710
115 149
115 710
115 743
116 150
116 776
116 777
116 809
117 151
117 809
117 843
118 152
118 843
118 876
119 153
119 910
119 943
120 154
120 977
120 1010
121 1077
121 1111
122 156
123 157
123 190
124 158
124 191
124 225
125 159
125 325
125 359
126 160
126 392
126 426
127 161
127 459
127 493
127 526
128 526
128 560
129 163
129 593
129 627
130 164
130 626
130 627
130 659
131 132
131 165
131 693
132 693
132 726
133 167
133 759
133 760
133 792
134 168
134 792
134 826
135 169
135 826
135 859
136 203
136 893
136 926
137 170
137 960
137 993
138 171
138 1027
138 1028
138 1060
139 172
140 173
141 174
141 208
142 175
142 209
142 275
143 176
143 376
143 410
144 177
144 443
144 477
145 178
145 510
145 544
146 179
146 610
146 644
147 148
147 180
147 645
147 677
148 181
148 711
149 182
149 743
149 744
150 183
150 777
150 810
151 184
151 810
151 844
152 185
152 876
152 910
153 186
153 943
153 977
154 187
154 1010
154 1044
155 188
155 1044
155 1045
155 1077
156 189
157 190
158 191
158 225
159 192
159 226
159 292
160 193
160 393
160 427
161 194
161 460
161 494
162 195
162 527
162 560
162 561
163 196
163 593
163 594
164 165
164 197
164 660
165 660
165 694
166 167
166 199
166 726
166 727
167 760
167 793
168 201
168 793
168 827
169 202
169 859
169 860
170 204
170 961
170 994
171 205
171 1028
171 1061
172 206
172 1128
173 206
173 207
174 208
174 241
175 209
175 242
175 276
176 210
176 376
176 410
177 211
177 443
177 477
178 212
178 510
178 544
179 213
179 611
179 645
180 214
180 677
180 678
181 711
181 712
181 744
182 183
182 216
182 778
183 778
183 811
184 218
184 844
184 877
185 219
185 877
185 911
186 220
186 911
186 944
187 221
187 978
187 1011
188 222
188 1045
188 1078
189 223
189 1145
190 223
190 224
191 225
191 258
192 226
192 259
192 293
193 227
193 393
193 427
194 228
194 460
194 494
195 229
195 527
195 561
196 230
196 594
196 628
197 231
197 661
197 695
198 232
198 694
198 695
198 727
199 200
199 233
199 761
200 234
200 761
200 794
201 235
201 827
201 828
202 236
202 860
202 894
203 237
203 894
203 927
204 271
204 961
204 994
205 238
205 1061
205 1095
206 1128
207 239
207 240
208 241
209 242
209 276
210 243
210 277
210 343
211 244
211 444
211 478
212 245
212 511
212 545
213 246
213 578
213 612
214 247
214 678
214 712
215 216
215 248
215 713
215 745
216 249
216 779
217 250
217 811
217 812
217 845
218 251
218 845
218 878
219 252
219 878
219 912
220 253
220 944
220 978
221 254
221 979
221 1011
222 255
222 1078
222 1112
223 1145
224 256
224 257
225 258
226 259
226 293
227 260
227 294
227 360
228 261
228 461
228 495
229 262
229 528
229 562
230 595
230 628
230 629
231 264
231 661
231 662
232 233
232 265
232 728
233 728
233 762
234 267
234 794
234 795
235 268
235 828
235 861
236 269
236 861
236 895
237 270
237 927
237 928
238 272
238 1029
238 1062
239 273
239 1096
239 1129
240 274
241 242
241 275
242 276
243 277
243 310
243 344
244 278
244 444
244 478
245 279
245 511
245 545
246 280
246 578
246 612
247 281
247 679
247 713
248 282
248 745
248 746
249 779
249 780
249 812
250 251
250 284
250 846
251 846
251 879
252 286
252 912
252 945
253 287
253 945
253 979
254 288
254 1012
254 1046
255 289
255 1046
255 1079
256 290
256 1113
256 1146
257 291
258 259
258 292
259 293
260 294
260 327
260 361
261 295
261 461
261 495
262 296
262 528
262 562
263 297
263 595
263 629
263 662
264 265
264 298
264 696
265 299
265 729
266 300
266 762
266 763
266 795
267 268
267 301
267 829
268 829
268 862
269 303
269 895
269 896
270 304
270 928
270 962
271 305
271 962
271 995
272 339
272 1029
272 1062
273 1096
273 1129
274 307
275 308
275 309
276 309
277 310
277 344
278 311
278 345
278 411
279 312
279 512
279 546
280 313
280 579
280 613
281 314
281 646
281 680
282 315
282 746
282 780
283 284
283 316
283 781
283 813
284 317
284 847
285 318
285 879
285 880
285 913
286 319
286 913
286 946
287 320
287 946
287 980
288 321
288 1012
288 1013
289 322
289 1079
289 1113
290 323
290 1146
291 324
292 325
292 326
293 326
294 327
294 361
295 328
295 362
295 428
296 329
296 529
296 563
297 330
297 596
297 630
298 663
298 696
298 697
299 332
299 729
299 763
300 301
300 333
300 796
301 796
301 830
302 303
302 335
302 862
302 863
303 896
303 929
304 337
304 929
304 963
305 338
305 995
305 996
306 339
306 340
306 1097
306 1130
307 341
308 342
309 310
309 343
310 344
311 345
311 378
311 412
312 346
312 512
312 546
313 347
313 579
313 613
314 348
314 646
314 680
315 349
315 747
315 781
316 350
316 813
316 814
317 847
317 848
317 880
318 319
318 352
318 914
319 914
319 947
320 354
320 980
320 981
321 355
321 1013
321 1047
322 356
322 1047
322 1080
323 357
323 1114
323 1147
324 358
325 359
326 327
326 360
327 361
328 362
328 395
328 429
329 363
329 529
329 563
330 364
330 596
330 630
331 365
331 663
331 697
331 730
332 366
332 730
332 764
333 367
333 797
333 831
334 368
334 830
334 831
334 863
335 336
335 369
335 897
336 370
336 897
336 930
337 371
337 963
337 964
338 372
338 996
338 1030
339 373
339 1063
340 1097
340 1130
341 374
342 375
343 376
343 377
344 377
345 378
345 412
346 379
346 413
346 479
347 380
347 580
347 614
348 381
348 647
348 681
349 382
349 714
349 748
350 383
350 814
350 848
351 352
351 384
351 849
351 881
352 385
352 915
353 354
353 386
353 947
353 948
354 981
354 1014
355 388
355 1014
355 1048
356 389
356 1080
356 1114
357 390
357 1147
358 391
359 392
360 393
360 394
361 394
362 395
362 429
363 396
363 430
363 496
364 397
364 597
364 631
365 398
365 664
365 698
366 731
366 764
366 765
367 400
367 797
367 798
368 369
368 401
368 864
369 864
369 898
370 403
370 930
370 931
371 404
371 964
371 997
372 997
372 1030
372 1031
373 406
373 1063
373 1064
374 408
375 409
376 410
377 378
377 411
378 412
379 413
379 446
379 480
380 414
380 580
380 614
381 415
381 647
381 681
382 416
382 714
382 748
383 417
383 815
383 849
384 418
384 881
384 882
385 915
385 916
385 948
386 387
386 420
386 982
387 421
387 982
387 1015
388 422
388 1048
388 1081
389 423
389 1081
389 1115
390 424
390 1115
390 1148
391 425
392 426
393 427
394 395
394 428
395 429
396 430
396 463
396 497
397 431
397 597
397 631
398 432
398 664
398 698
399 433
399 731
399 765
399 798
400 401
400 434
400 832
401 435
401 865
402 436
402 898
402 899
402 931
403 404
403 437
403 965
404 965
404 998
405 406
405 439
405 1031
405 1032
406 1064
406 1098
407 440
407 441
407 1098
407 1131
408 475
409 442
410 443
411 444
411 445
412 445
413 446
413 480
414 447
414 481
414 547
415 448
415 648
415 682
416 449
416 715
416 749
417 450
417 782
417 816
418 451
418 882
418 916
419 420
419 452
419 917
419 949
420 453
420 983
421 1015
421 1016
421 1049
422 455
422 1049
422 1082
423 456
423 1082
423 1116
424 457
424 1148
425 458
426 459
427 460
428 461
428 462
429 462
430 463
430 497
431 464
431 498
431 564
432 465
432 665
432 699
433 466
433 732
433 766
434 799
434 832
434 833
435 468
435 865
435 899
436 437
436 469
436 932
437 932
437 966
438 439
438 471
438 998
438 999
439 1032
439 1065
440 473
440 1065
440 1099
441 474
441 1131
442 476
443 477
444 478
445 446
445 479
446 480
447 481
447 514
447 548
448 482
448 648
448 682
449 483
449 715
449 749
450 484
450 782
450 816
451 485
451 883
451 917
452 486
452 949
452 950
453 983
453 984
453 1016
454 455
454 488
454 1017
454 1050
455 1050
455 1083
456 490
456 1116
456 1117
457 491
457 1149
458 492
459 493
460 494
461 495
462 463
462 496
463 497
464 498
464 531
464 565
465 499
465 665
465 699
466 500
466 732
466 766
467 501
467 799
467 833
467 866
468 502
468 866
468 900
469 503
469 933
469 967
470 504
470 966
470 967
470 999
471 472
471 505
471 1033
472 506
472 1033
472 1066
473 507
473 1099
473 1100
474 508
474 1132
475 509
476 543
477 510
478 511
479 512
479 513
480 513
481 514
481 548
482 515
482 549
482 615
483 516
483 716
483 750
484 517
484 783
484 817
485 518
485 850
485 884
486 519
486 950
486 984
487 488
487 520
487 985
487 1017
488 521
488 1051
489 490
489 522
489 1083
489 1084
490 523
490 1117
491 1150
492 525
493 526
494 527
495 528
496 529
496 530
497 530
498 531
498 565
499 532
499 566
499 632
500 533
500 733
500 767
501 534
501 800
501 834
502 867
502 900
502 901
503 536
503 933
503 934
504 505
504 537
504 1000
505 1000
505 1034
506 539
506 1066
506 1067
507 540
507 1100
507 1101
508 1133
509 542
510 544
511 545
512 546
513 514
513 547
514 548
515 549
515 582
515 616
516 550
516 716
516 750
517 551
517 783
517 817
518 552
518 850
518 884
519 553
519 951
519 985
520 554
520 1018
520 1052
521 1051
521 1052
521 1084
522 523
522 556
522 1118
523 1151
524 558
525 559
526 560
527 561
528 562
529 563
530 531
530 564
531 565
532 566
532 599
532 633
533 567
533 733
533 767
534 568
534 800
534 834
535 569
535 867
535 901
535 934
536 537
536 570
536 968
537 571
537 1001
538 572
538 1034
538 1035
538 1067
539 540
539 573
539 1101
540 1134
541 575
542 576
543 577
544 611
545 578
546 579
547 580
547 581
548 581
549 582
549 616
550 583
550 617
550 683
551 584
551 784
551 818
552 585
552 851
552 885
553 586
553 918
553 952
554 587
554 1018
554 1019
555 556
555 588
555 1053
555 1085
556 1118
556 1119
557 589
557 590
557 1151
558 591
559 592
560 593
561 594
562 595
563 596
564 597
564 598
565 598
566 599
566 633
567 600
567 634
567 700
568 601
568 801
568 835
569 602
569 868
569 902
570 935
570 968
570 969
571 604
571 1001
571 1035
572 573
572 605
572 1068
573 1068
573 1102
574 606
574 607
574 1134
575 608
576 609
577 610
578 612
579 613
580 614
581 582
581 615
582 616
583 617
583 650
583 684
584 618
584 784
584 818
585 619
585 851
585 885
586 620
586 918
586 952
587 621
587 1019
587 1053
588 622
588 1085
588 1086
589 623
589 1119
589 1120
590 623
590 1152
591 625
592 626
593 627
594 628
595 629
596 630
597 631
598 599
598 632
599 633
600 634
600 667
600 701
601 635
601 801
601 835
602 636
602 868
602 902
603 637
603 935
603 969
603 1002
604 638
604 1002
604 1036
605 639
605 1069
605 1103
606 640
606 1102
606 1103
607 640
607 1135
608 642
609 643
610 644
611 645
611 679
612 679
613 646
614 647
615 648
615 649
616 649
617 650
617 684
618 651
618 685
618 751
619 652
619 852
619 886
620 653
620 919
620 953
621 654
621 986
621 1020
622 655
622 1086
622 1120
623 656
623 1153
624 657
625 658
626 659
627 660
628 661
629 662
630 663
631 664
632 665
632 666
633 666
634 667
634 701
635 668
635 702
635 768
636 669
636 869
636 903
637 670
637 936
637 970
638 1003
638 1036
638 1037
639 672
639 1069
639 1070
640 673
640 1136
641 1136
642 675
643 676
644 677
645 678
646 680
647 681
648 682
649 650
649 683
650 684
651 685
651 718
651 752
652 686
652 852
652 886
653 687
653 919
653 953
654 688
654 986
654 1020
655 689
655 1087
655 1121
656 690
656 1154
657 691
658 692
659 693
660 694
661 695
662 696
663 697
664 698
665 699
666 667
666 700
667 701
668 702
668 735
668 769
669 703
669 869
669 903
670 704
670 936
670 970
671 705
671 1003
671 1037
671 1070
672 673
672 706
672 1104
673 1137
674 708
675 709
676 710
677 711
678 712
679 713
680 747
681 714
682 715
683 716
683 717
684 717
685 718
685 752
686 719
686 753
686 819
687 720
687 920
687 954
688 721
688 987
688 1021
689 1054
689 1088
689 1121
690 723
690 1154
691 724
692 725
693 726
694 727
695 728
696 729
697 730
698 731
699 732
700 733
700 734
701 734
702 735
702 769
703 736
703 770
703 836
704 737
704 937
704 971
705 738
705 1004
705 1038
706 1071
706 1104
706 1105
707 739
707 740
707 1137
708 741
709 742
710 743
711 744
712 745
713 746
714 748
715 749
716 750
717 718
717 751
718 752
719 753
719 786
719 820
720 754
720 920
720 954
721 755
721 987
721 1021
722 756
722 1054
722 1055
722 1088
723 757
723 1155
724 758
725 759
726 760
727 761
728 762
729 763
730 764
731 765
732 766
733 767
734 735
734 768
735 769
736 770
736 803
736 837
737 771
737 937
737 971
738 772
738 1004
738 1038
739 773
739 1071
739 1105
740 774
740 1138
741 775
742 776
743 777
744 778
745 779
746 780
747 781
747 815
748 815
749 782
750 783
751 784
751 785
752 785
753 786
753 820
754 787
754 821
754 887
755 788
755 988
755 1022
756 789
756 1055
756 1089
757 1122
758 791
759 792
760 793
761 794
762 795
763 796
764 797
765 798
766 799
767 800
768 801
768 802
769 802
770 803
770 837
771 804
771 838
771 904
772 805
772 1005
772 1039
773 806
773 1072
773 1106
774 1139
775 808
776 809
777 810
778 811
779 812
780 813
781 814
782 816
783 817
784 818
785 786
785 819
786 820
787 821
787 854
787 888
788 822
788 988
788 1022
789 823
789 856
789 1089
790 824
790 1122
791 825
792 826
793 827
794 828
795 829
796 830
797 831
798 832
799 833
800 834
801 835
802 803
802 836
803 837
804 838
804 871
804 905
805 839
805 1005
805 1039
806 840
806 1072
806 1106
807 841
807 1139
808 842
809 843
810 844
811 845
812 846
813 847
814 848
815 849
816 883
817 850
818 851
819 852
819 853
820 853
821 854
821 888
822 855
822 889
822 955
823 856
823 1056
823 1090
824 857
825 858
826 859
827 860
828 861
829 862
830 863
831 864
832 865
833 866
834 867
835 868
836 869
836 870
837 870
838 871
838 905
839 872
839 906
839 972
840 873
840 1073
840 1107
841 874
842 875
843 876
844 877
845 878
846 879
847 880
848 881
849 882
850 884
851 885
852 886
853 854
853 887
854 888
855 889
855 922
855 956
856 1056
856 1090
857 891
858 892
859 893
860 894
861 895
862 896
863 897
864 898
865 899
866 900
867 901
868 902
869 903
870 871
870 904
871 905
872 906
872 939
872 973
873 907
873 1073
873 1107
874 1140
875 909
876 910
877 911
878 912
879 913
880 914
881 915
882 916
883 917
883 951
884 951
885 918
886 919
887 920
887 921
888 921
889 922
889 956
890 923
890 957
890 990
890 1023
891 924
891 958
891 1091
892 925
893 926
894 927
895 928
896 929
897 930
898 931
899 932
900 933
901 934
902 935
903 936
904 937
904 938
905 938
906 939
906 973
907 940
907 974
907 1040
908 941
908 975
908 1108
909 942
910 943
911 944
912 945
913 946
914 947
915 948
916 949
917 950
918 952
919 953
920 954
921 922
921 955
922 956
923 957
923 990
923 1024
924 958
924 1124
925 959
926 960
927 961
928 962
929 963
930 964
931 965
932 966
933 967
934 968
935 969
936 970
937 971
938 939
938 972
939 973
940 974
940 1007
940 1041
941 975
941 1141
942 976
943 977
944 978
945 979
946 980
947 981
948 982
949 983
950 984
951 985
952 1019
953 986
954 987
955 988
955 989
956 989
957 990
957 1024
958 991
959 992
959 1058
959 1092
960 993
961 994
962 995
963 996
964 997
965 998
966 999
967 1000
968 1001
969 1002
970 1003
971 1004
972 1005
972 1006
973 1006
974 1007
974 1041
975 1008
976 1009
976 1075
976 1109
977 1010
978 1011
979 1012
980 1013
981 1014
982 1015
983 1016
984 1017
985 1018
986 1020
987 1021
988 1022
989 1023
989 1123
990 1024
991 1025
991 1091
992 1026
993 1027
994 1028
995 1029
996 1030
997 1031
998 1032
999 1033
1000 1034
1001 1035
1002 1036
1003 1037
1004 1038
1005 1039
1006 1007
1006 1040
1007 1041
1008 1042
1008 1075
1009 1043
1010 1044
1011 1045
1012 1046
1013 1047
1014 1048
1015 1049
1016 1050
1017 1051
1018 1052
1019 1053
1020 1087
1021 1054
1022 1055
1023 1056
1023 1057
1024 1057
1025 1057
1025 1058
1025 1059
1026 1059
1027 1059
1027 1060
1028 1061
1029 1062
1030 1063
1031 1064
1032 1065
1033 1066
1034 1067
1035 1068
1036 1069
1037 1070
1038 1071
1039 1072
1040 1073
1040 1074
1041 1074
1042 1074
1042 1075
1042 1108
1043 1076
1044 1077
1045 1078
1046 1079
1047 1080
1048 1081
1049 1082
1050 1083
1051 1084
1052 1085
1053 1086
1054 1088
1055 1089
1056 1090
1057 1091
1058 1092
1059 1093
1060 1094
1061 1095
1062 1096
1063 1097
1064 1098
1065 1099
1066 1100
1067 1101
1068 1102
1069 1103
1070 1104
1071 1105
1072 1106
1073 1107
1074 1108
1075 1109
1076 1110
1076 1112
1077 1111
1078 1112
1079 1113
1080 1114
1081 1115
1082 1116
1083 1117
1084 1118
1085 1119
1086 1120
1087 1121
1088 1155
1089 1122
1090 1123
1091 1124
1092 1125
1093 1126
1094 1127
1095 1128
1096 1129
1097 1130
1098 1131
1099 1132
1100 1133
1101 1134
1102 1135
1103 1136
1104 1137
1105 1138
1106 1139
1107 1140
1108 1141
1109 1142
1110 1143
1111 1144
1112 1145
1113 1146
1114 1147
1115 1148
1116 1149
1117 1150
1118 1151
1119 1152
1120 1153
1121 1154
1122 1155
1123 1124
1124 1125
1125 1126
1126 1127
1127 1128
1128 1129
1129 1130
1130 1131
1131 1132
1132 1133
1133 1134
1134 1135
1135 1136
1136 1137
1137 1138
1138 1139
1139 1140
1140 1141
1141 1142
1142 1143
1143 1144
1144 1145
1145 1146
1146 1147
1147 1148
1148 1149
1149 1150
1150 1151
1151 1152
1152 1153
1153 1154
1154 1155
