0 13
0 159
0 172
0 338
1 27
1 66
1 106
1 132
2 28
2 235
2 261
2 300
3 182
3 195
3 208
3 341
4 17
4 181
4 194
4 207
5 18
5 179
5 180
5 193
6 19
6 166
6 179
6 192
7 139
7 152
7 165
7 345
8 34
8 73
8 320
8 346
9 35
9 215
9 228
9 333
10 23
10 188
10 201
10 214
11 24
11 173
11 174
11 187
12 160
12 172
12 173
12 186
13 145
13 159
13 171
14 40
14 54
14 80
14 326
15 41
15 195
15 221
15 235
16 30
16 207
16 220
16 233
17 31
17 194
17 206
18 179
18 193
18 205
19 33
19 165
19 178
20 46
20 86
20 125
20 151
21 47
21 254
21 294
21 320
22 36
22 201
22 215
22 227
23 37
23 188
23 200
24 186
24 187
24 199
25 26
25 172
25 185
25 198
26 39
26 171
26 185
27 53
27 132
27 158
28 54
28 261
28 326
29 42
29 208
29 221
29 234
30 43
30 207
30 220
31 205
31 206
31 219
32 45
32 192
32 204
32 218
33 165
33 178
33 191
34 60
34 73
34 99
35 61
35 241
35 254
36 49
36 214
36 227
37 50
37 200
37 213
38 50
38 51
38 199
38 212
39 53
39 185
39 197
40 66
40 80
40 106
41 67
41 247
41 273
42 56
42 233
42 259
43 57
43 232
43 246
44 57
44 58
44 219
44 231
45 59
45 191
45 204
46 72
46 151
46 177
47 73
47 280
47 294
48 62
48 240
48 241
48 253
49 63
49 213
49 226
50 212
50 225
51 52
51 198
51 224
52 65
52 197
52 211
53 158
53 184
54 80
54 287
55 68
55 234
55 247
55 260
56 69
56 232
56 246
57 231
57 245
58 71
58 218
58 244
59 72
59 204
59 217
60 86
60 99
60 125
61 87
61 267
61 293
62 75
62 240
62 253
63 76
63 226
63 239
64 76
64 77
64 225
64 238
65 79
65 211
65 223
66 92
66 132
67 93
67 273
67 299
68 82
68 259
68 285
69 83
69 258
69 272
70 83
70 84
70 245
70 257
71 85
71 217
71 230
72 177
72 203
73 306
74 88
74 266
74 267
74 279
75 89
75 239
75 252
76 238
76 251
77 78
77 224
77 250
78 91
78 223
78 237
79 105
79 184
79 210
80 313
81 93
81 94
81 260
81 286
82 95
82 258
82 272
83 257
83 271
84 97
84 244
84 270
85 98
85 230
85 243
86 112
86 125
87 113
87 293
87 319
88 101
88 266
88 279
89 102
89 252
89 265
90 102
90 103
90 251
90 264
91 105
91 237
91 249
92 118
92 144
92 170
93 119
93 299
94 108
94 285
94 311
95 109
95 284
95 298
96 109
96 110
96 271
96 283
97 111
97 243
97 256
98 124
98 203
98 229
99 113
99 332
100 113
100 114
100 292
100 305
101 115
101 265
101 278
102 264
102 277
103 104
103 250
103 276
104 117
104 249
104 263
105 210
105 236
106 119
106 339
107 120
107 286
107 312
107 325
108 121
108 284
108 298
109 283
109 297
110 123
110 270
110 296
111 124
111 256
111 269
112 138
112 164
112 190
113 319
114 127
114 292
114 305
115 128
115 278
115 291
116 128
116 129
116 277
116 290
117 131
117 263
117 275
118 144
118 170
118 196
119 145
119 325
120 134
120 311
120 337
121 135
121 310
121 324
122 135
122 136
122 297
122 309
123 137
123 269
123 282
124 229
124 255
125 151
126 139
126 140
126 318
126 331
127 141
127 291
127 304
128 290
128 303
129 130
129 276
129 302
130 143
130 275
130 289
131 157
131 236
131 262
132 158
133 145
133 146
133 159
133 312
134 147
134 310
134 324
135 309
135 323
136 149
136 296
136 322
137 150
137 282
137 295
138 164
138 190
138 216
139 152
139 345
140 153
140 318
140 330
141 154
141 304
141 317
142 154
142 155
142 303
142 316
143 157
143 289
143 301
144 170
144 196
145 171
146 147
146 160
146 337
147 161
147 336
148 161
148 162
148 323
148 335
149 163
149 295
149 308
150 176
150 255
150 281
151 177
152 166
152 331
153 167
153 317
153 330
154 316
154 329
155 156
155 302
155 328
156 169
156 301
156 315
157 262
157 288
158 184
159 338
160 173
160 350
161 336
161 349
162 175
162 322
162 335
163 176
163 308
163 321
164 190
164 216
165 191
166 178
166 344
167 168
167 180
167 343
168 180
168 181
168 329
169 183
169 315
169 327
170 196
171 197
172 186
173 350
174 187
174 188
174 349
175 189
175 321
175 334
176 281
176 307
177 203
178 192
179 193
180 343
181 182
181 328
182 195
182 341
183 209
183 288
183 314
184 210
185 198
186 199
187 200
188 348
189 202
189 334
189 347
190 216
191 217
192 205
193 206
194 315
194 342
195 327
196 222
197 223
198 212
199 213
200 214
201 215
201 334
202 228
202 268
202 307
203 229
204 218
205 219
206 220
207 208
208 221
209 248
209 274
209 314
210 236
211 224
211 237
212 225
213 226
214 227
215 347
216 242
217 243
218 231
219 232
220 233
221 235
222 248
222 274
222 300
223 249
224 238
225 239
226 240
227 241
228 268
228 333
229 255
230 244
230 256
231 245
232 246
233 234
234 247
235 340
236 262
237 250
238 251
239 252
240 253
241 254
242 268
242 282
242 308
243 269
244 257
245 258
246 259
247 261
248 274
248 289
249 275
250 264
251 265
252 266
253 267
254 280
255 281
256 270
257 271
258 272
259 260
260 273
261 287
262 288
263 276
264 277
265 278
266 279
267 280
268 294
269 295
270 283
271 284
272 285
273 287
274 300
275 301
276 290
277 291
278 292
279 293
280 306
281 307
282 296
283 297
284 298
285 286
286 299
287 313
288 314
289 302
290 303
291 304
292 305
293 306
294 320
295 321
296 309
297 310
298 311
299 313
300 326
301 327
302 316
303 317
304 318
305 319
306 332
307 333
308 322
309 323
310 324
311 312
312 325
313 339
314 340
315 328
316 329
317 330
318 331
319 332
320 346
321 347
322 335
323 336
324 337
325 339
326 340
327 341
328 342
329 343
330 344
331 345
332 346
333 347
334 348
335 349
336 350
337 338
338 339
339 340
340 341
341 342
342 343
343 344
344 345
345 346
346 347
347 348
348 349
349 350
