0 174
0 175
0 188
0 338
1 14
1 161
1 174
1 339
2 15
2 28
2 134
2 160
3 29
3 68
3 315
3 341
4 30
4 184
4 210
4 223
5 18
5 183
5 195
5 196
6 19
6 169
6 181
6 182
7 168
7 180
7 181
7 194
8 21
8 153
8 167
8 180
9 35
9 74
9 114
9 140
10 36
10 243
10 269
10 308
11 190
11 203
11 216
11 349
12 25
12 175
12 189
12 202
13 174
13 187
13 188
13 200
14 28
14 160
14 173
15 41
15 120
15 146
16 42
16 249
16 289
16 315
17 196
17 209
17 210
17 222
18 32
18 182
18 195
19 33
19 182
19 207
20 34
20 180
20 193
20 206
21 35
21 153
21 179
22 48
22 74
22 88
22 334
23 49
23 203
23 229
23 243
24 38
24 202
24 215
24 216
25 26
25 189
25 201
26 39
26 201
26 214
27 40
27 187
27 199
27 213
28 160
28 186
29 55
29 81
29 94
30 56
30 236
30 249
31 44
31 209
31 221
31 235
32 45
32 207
32 208
33 46
33 194
33 220
34 47
34 179
34 193
35 140
35 166
36 62
36 269
36 334
37 50
37 228
37 229
37 242
38 51
38 202
38 215
39 200
39 214
39 226
40 54
40 186
40 199
41 67
41 146
41 172
42 68
42 275
42 289
43 57
43 222
43 236
43 248
44 58
44 208
44 221
45 58
45 59
45 233
46 60
46 206
46 232
47 61
47 73
47 205
48 74
48 100
48 114
49 75
49 255
49 281
50 64
50 228
50 242
51 52
51 227
51 241
52 65
52 227
52 240
53 66
53 213
53 225
53 239
54 67
54 80
54 212
55 81
55 107
55 120
56 82
56 262
56 288
57 70
57 235
57 247
58 233
58 234
59 72
59 220
59 246
60 73
60 205
60 219
61 87
61 166
61 192
62 88
62 295
62 308
63 76
63 254
63 255
63 268
64 76
64 77
64 241
65 226
65 240
65 252
66 80
66 212
66 225
67 172
67 198
68 94
68 301
69 248
69 261
69 262
69 274
70 84
70 234
70 247
71 84
71 85
71 259
71 260
72 86
72 232
72 258
73 87
73 231
74 100
75 101
75 281
75 307
76 254
76 268
77 78
77 253
77 267
78 91
78 253
78 266
79 92
79 239
79 251
79 265
80 93
80 238
81 107
81 133
82 108
82 288
82 314
83 96
83 261
83 273
83 287
84 259
84 260
85 98
85 246
85 272
86 99
86 231
86 245
87 192
87 218
88 114
88 321
89 101
89 102
89 280
89 294
90 102
90 103
90 267
90 279
91 252
91 266
91 278
92 106
92 238
92 251
93 119
93 198
93 224
94 120
94 327
95 108
95 109
95 274
95 300
96 109
96 110
96 273
97 110
97 111
97 285
97 286
98 112
98 258
98 284
99 113
99 125
99 257
100 126
100 152
101 127
101 307
102 280
102 294
103 104
103 279
103 293
104 117
104 129
104 292
105 118
105 265
105 277
105 291
106 119
106 132
106 264
107 133
107 159
108 134
108 314
109 122
109 287
110 285
110 286
111 124
111 272
111 298
112 125
112 257
112 271
113 139
113 218
113 244
114 347
115 128
115 306
115 320
115 333
116 128
116 129
116 293
116 305
117 278
117 292
117 304
118 132
118 264
118 277
119 224
119 250
120 146
121 135
121 300
121 313
121 326
122 135
122 136
122 299
123 136
123 137
123 311
123 312
124 138
124 284
124 310
125 139
125 283
126 152
126 178
126 204
127 141
127 153
127 333
128 306
128 320
129 130
129 305
130 143
130 155
130 318
131 144
131 291
131 303
131 317
132 145
132 290
133 159
133 185
134 147
134 340
135 148
135 313
136 311
136 312
137 150
137 298
137 324
138 151
138 283
138 297
139 244
139 270
140 152
140 166
141 154
141 332
141 346
142 154
142 155
142 319
142 331
143 304
143 318
143 330
144 158
144 290
144 303
145 171
145 250
145 276
146 172
147 161
147 173
147 326
148 161
148 162
148 325
149 162
149 163
149 175
149 337
150 164
150 310
150 336
151 165
151 177
151 309
152 178
153 179
154 168
154 332
155 319
155 331
156 168
156 169
156 181
156 344
157 170
157 303
157 317
157 329
158 171
158 184
158 316
159 185
159 211
160 186
161 339
162 337
162 338
163 176
163 189
163 324
164 177
164 309
164 323
165 191
165 270
165 296
166 192
167 193
167 219
167 346
168 345
169 183
169 330
170 184
170 316
170 329
171 276
171 302
172 198
173 187
173 199
174 188
175 350
176 190
176 323
176 336
177 191
177 335
178 204
178 230
179 205
180 194
181 344
182 195
183 196
183 343
184 342
185 211
185 237
186 212
187 200
188 201
189 350
190 203
190 349
191 296
191 322
192 218
193 206
194 207
195 209
196 210
197 223
197 263
197 302
197 328
198 224
199 213
200 214
201 215
202 216
203 335
204 230
204 256
205 231
206 220
207 208
208 221
209 222
210 342
211 237
211 263
212 238
213 226
214 227
215 228
216 229
217 230
217 256
217 282
217 322
218 244
219 232
219 245
220 233
221 235
222 236
223 237
223 328
224 250
225 239
225 251
226 240
227 241
228 242
229 243
230 256
231 257
232 246
233 234
234 247
235 248
236 249
237 263
238 264
239 252
240 253
241 254
242 255
243 348
244 270
245 258
245 271
246 259
247 261
248 262
249 275
250 276
251 265
252 266
253 267
254 268
255 269
256 282
257 283
258 272
259 260
260 273
261 274
262 275
263 289
264 290
265 278
266 279
267 280
268 281
269 295
270 296
271 284
271 297
272 285
273 287
274 288
275 301
276 302
277 291
277 329
278 292
279 293
280 294
281 295
282 308
282 323
283 309
284 298
285 286
286 299
287 300
288 301
289 315
290 316
291 304
292 305
293 306
294 307
295 321
296 322
297 310
298 311
299 313
299 325
300 314
301 327
302 328
303 317
304 318
305 319
306 320
307 321
308 334
309 335
310 324
311 312
312 325
313 326
314 327
315 341
316 342
317 330
318 331
319 332
320 333
321 347
322 348
323 336
324 337
325 339
326 340
327 341
328 342
329 343
330 344
331 345
332 346
333 347
334 348
335 349
336 350
337 338
338 350
339 340
340 341
341 342
342 343
343 344
344 345
345 346
346 347
347 348
348 349
349 350
