0 13
0 175
0 189
0 338
1 14
1 162
1 174
1 188
2 15
2 147
2 161
2 173
3 68
3 94
3 108
3 341
4 223
4 237
4 263
4 342
5 18
5 184
5 196
5 210
6 19
6 169
6 183
6 195
7 20
7 156
7 181
7 182
8 21
8 154
8 168
8 180
9 127
9 141
9 153
9 347
10 36
10 282
10 308
10 348
11 203
11 217
11 229
11 243
12 25
12 176
12 190
12 202
13 27
13 188
13 201
14 28
14 174
14 187
15 134
15 147
15 160
16 42
16 289
16 315
16 328
17 43
17 210
17 223
17 236
18 183
18 196
18 209
19 33
19 182
19 195
20 181
20 194
20 207
21 167
21 180
21 193
22 48
22 88
22 114
22 127
23 49
23 256
23 282
23 322
24 38
24 203
24 216
24 229
25 189
25 202
25 215
26 39
26 51
26 201
26 215
27 188
27 200
27 214
28 173
28 187
28 199
29 55
29 94
29 120
29 134
30 56
30 249
30 263
30 289
31 43
31 44
31 222
31 236
32 44
32 45
32 209
32 221
33 46
33 207
33 208
34 47
34 180
34 194
34 206
35 153
35 167
35 179
35 193
36 62
36 308
36 334
37 50
37 63
37 243
37 255
38 51
38 216
38 228
39 53
39 214
39 227
40 54
40 187
40 200
40 213
41 160
41 173
41 186
41 199
42 68
42 82
42 108
43 249
43 262
44 222
44 235
45 59
45 208
45 221
46 60
46 220
46 233
47 61
47 206
47 219
48 114
48 140
48 153
49 75
49 256
49 282
50 64
50 242
50 255
51 228
51 241
52 65
52 77
52 227
52 241
53 66
53 226
53 240
54 67
54 213
54 225
55 81
55 120
55 146
56 82
56 263
56 289
57 69
57 70
57 248
57 262
58 70
58 71
58 235
58 247
59 72
59 233
59 234
60 206
60 220
60 232
61 179
61 205
61 219
62 88
62 101
62 127
63 89
63 269
63 281
64 77
64 242
64 254
65 79
65 240
65 253
66 80
66 226
66 239
67 186
67 212
67 225
68 94
68 108
69 95
69 275
69 288
70 248
70 261
71 85
71 234
71 247
72 86
72 246
72 259
73 87
73 99
73 232
73 245
74 100
74 140
74 166
74 205
75 89
75 101
75 308
76 89
76 90
76 268
76 281
77 254
77 267
78 91
78 103
78 253
78 267
79 92
79 252
79 266
80 93
80 239
80 251
81 107
81 146
81 172
82 95
82 315
83 95
83 96
83 274
83 288
84 96
84 97
84 261
84 273
85 98
85 259
85 260
86 232
86 246
86 258
87 113
87 231
87 245
88 101
88 114
89 295
90 103
90 268
90 280
91 105
91 266
91 279
92 106
92 252
92 265
93 212
93 238
93 251
94 120
95 301
96 274
96 287
97 111
97 260
97 273
98 112
98 272
98 285
99 113
99 258
99 271
100 126
100 166
100 192
101 334
102 115
102 116
102 294
102 307
103 280
103 293
104 117
104 129
104 279
104 293
105 118
105 278
105 292
106 119
106 265
106 277
107 133
107 172
107 198
108 341
109 121
109 122
109 300
109 314
110 122
110 123
110 287
110 299
111 124
111 285
111 286
112 258
112 272
112 284
113 231
113 257
114 140
115 307
115 321
115 333
116 129
116 294
116 306
117 131
117 292
117 305
118 132
118 278
118 291
119 238
119 264
119 277
120 146
121 147
121 314
121 327
122 300
122 313
123 137
123 286
123 299
124 138
124 298
124 311
125 139
125 271
125 284
125 297
126 152
126 192
126 218
127 347
128 141
128 142
128 320
128 333
129 306
129 319
130 143
130 155
130 305
130 319
131 144
131 304
131 318
132 145
132 291
132 303
133 159
133 198
133 224
134 160
134 161
135 136
135 148
135 161
135 326
136 149
136 313
136 325
137 150
137 311
137 312
138 284
138 298
138 310
139 257
139 283
139 297
140 166
141 167
141 347
142 155
142 320
142 332
143 157
143 318
143 331
144 158
144 304
144 317
145 264
145 290
145 303
146 172
147 340
148 162
148 174
148 326
149 163
149 312
149 325
150 164
150 324
150 337
151 165
151 177
151 310
151 323
152 178
152 218
152 244
153 179
154 155
154 168
154 346
155 332
156 169
156 331
156 345
157 169
157 170
157 330
158 171
158 317
158 329
159 185
159 224
159 250
160 186
161 340
162 175
162 339
163 175
163 176
163 337
164 310
164 324
164 336
165 283
165 309
165 323
166 192
167 193
168 181
168 346
169 344
170 184
170 317
170 330
171 290
171 316
171 329
172 198
173 199
174 339
175 338
176 190
176 350
177 191
177 203
177 336
178 204
178 244
178 270
179 205
180 194
181 345
182 183
182 195
183 344
184 197
184 343
185 211
185 250
185 276
186 212
187 200
188 201
189 190
189 202
190 350
191 217
191 309
191 335
192 218
193 219
194 207
195 209
196 197
196 210
197 316
197 342
198 224
199 225
200 214
201 215
202 216
203 349
204 230
204 270
204 296
205 231
206 220
207 208
208 221
209 222
210 223
211 237
211 276
211 302
212 238
213 226
213 239
214 227
215 228
216 229
217 230
217 335
218 244
219 245
220 233
221 235
222 236
223 342
224 250
225 251
226 240
227 241
228 242
229 243
230 256
230 296
231 257
232 246
233 234
234 247
235 248
236 249
237 291
237 302
238 264
239 252
240 253
241 254
242 255
243 269
244 270
245 271
246 259
247 261
248 262
249 275
250 276
251 277
252 266
253 267
254 268
255 269
256 322
257 283
258 272
259 260
260 273
261 274
262 275
263 328
264 290
265 278
266 279
267 280
268 281
269 295
270 296
271 297
272 285
273 287
274 288
275 301
276 302
277 303
278 292
279 293
280 294
281 295
282 348
283 309
284 298
285 286
286 299
287 300
288 301
289 315
290 316
291 304
292 305
293 306
294 307
295 321
296 322
297 323
298 311
299 313
300 314
301 327
302 328
303 329
304 318
305 319
306 320
307 321
308 334
309 335
310 324
311 312
312 325
313 326
314 327
315 341
316 342
317 330
318 331
319 332
320 333
321 347
322 348
323 349
324 337
325 339
326 340
327 341
328 342
329 343
330 344
331 345
332 346
333 347
334 348
335 349
336 350
337 338
338 350
339 340
340 341
341 342
342 343
343 344
344 345
345 346
346 347
347 348
348 349
349 350
