0 26
0 246
0 272
0 311
1 193
1 206
1 219
1 339
2 15
2 178
2 192
2 205
3 16
3 177
3 178
3 191
4 17
4 164
4 177
4 190
5 18
5 137
5 150
5 163
6 32
6 71
6 318
6 344
7 33
7 187
7 213
7 226
8 21
8 186
8 199
8 212
9 22
9 171
9 172
9 185
10 158
10 170
10 171
10 184
11 24
11 143
11 157
11 170
12 38
12 77
12 104
12 130
13 39
13 206
13 232
13 246
14 28
14 205
14 219
14 231
15 29
15 192
15 204
16 177
16 191
16 203
17 31
17 163
17 176
18 44
18 123
18 149
19 45
19 252
19 292
19 318
20 34
20 199
20 213
20 225
21 35
21 185
21 198
22 184
22 185
22 197
23 37
23 170
23 183
23 196
24 143
24 157
24 169
25 51
25 52
25 78
25 337
26 52
26 272
26 337
27 40
27 232
27 245
27 258
28 41
28 204
28 218
29 42
29 203
29 217
30 43
30 190
30 202
30 216
31 163
31 176
31 189
32 58
32 84
32 97
33 59
33 239
33 252
34 47
34 212
34 238
35 48
35 198
35 211
36 48
36 49
36 197
36 210
37 50
37 169
37 183
38 64
38 130
38 156
39 65
39 258
39 284
40 54
40 231
40 245
41 55
41 218
41 230
42 56
42 217
42 229
43 57
43 189
43 202
44 70
44 149
44 175
45 71
45 278
45 292
46 60
46 225
46 239
46 251
47 61
47 211
47 224
48 210
48 223
49 63
49 196
49 222
50 64
50 183
50 195
51 77
51 78
51 104
52 78
52 298
53 65
53 66
53 257
53 271
54 67
54 230
54 244
55 68
55 229
55 243
56 69
56 216
56 242
57 70
57 202
57 215
58 84
58 110
58 123
59 85
59 265
59 291
60 73
60 238
60 264
61 74
61 224
61 237
62 74
62 75
62 223
62 236
63 76
63 195
63 209
64 156
64 182
65 91
65 284
66 80
66 257
66 271
67 81
67 244
67 256
68 82
68 243
68 255
69 83
69 215
69 228
70 175
70 201
71 97
71 304
72 86
72 251
72 265
72 277
73 87
73 237
73 250
74 236
74 249
75 89
75 222
75 248
76 90
76 209
76 221
77 103
77 130
78 324
79 92
79 283
79 297
79 310
80 93
80 256
80 270
81 94
81 255
81 269
82 95
82 242
82 268
83 96
83 228
83 241
84 110
84 136
85 111
85 291
85 317
86 99
86 264
86 290
87 100
87 250
87 263
88 100
88 101
88 249
88 262
89 102
89 221
89 235
90 116
90 182
90 208
91 117
91 310
91 336
92 106
92 283
92 297
93 107
93 270
93 282
94 108
94 269
94 281
95 109
95 241
95 254
96 122
96 201
96 227
97 123
97 330
98 111
98 112
98 277
98 303
99 113
99 263
99 276
100 262
100 275
101 115
101 248
101 274
102 116
102 235
102 247
103 129
103 155
103 181
104 117
104 350
105 117
105 118
105 309
105 323
106 119
106 282
106 296
107 120
107 281
107 295
108 121
108 268
108 294
109 122
109 254
109 267
110 136
110 162
111 137
111 317
112 125
112 290
112 316
113 126
113 276
113 289
114 126
114 127
114 275
114 288
115 128
115 247
115 261
116 208
116 234
117 336
118 132
118 309
118 323
119 133
119 296
119 308
120 134
120 295
120 307
121 135
121 267
121 280
122 227
122 253
123 149
124 137
124 138
124 303
124 329
125 139
125 289
125 302
126 288
126 301
127 141
127 274
127 300
128 142
128 261
128 273
129 155
129 181
129 207
130 156
131 143
131 144
131 335
131 349
132 145
132 308
132 322
133 146
133 307
133 321
134 147
134 294
134 320
135 148
135 280
135 293
136 162
136 188
137 343
138 151
138 316
138 328
139 152
139 302
139 315
140 152
140 153
140 301
140 314
141 154
141 273
141 287
142 168
142 234
142 260
143 169
144 157
144 158
144 335
145 159
145 322
145 334
146 160
146 321
146 333
147 161
147 293
147 306
148 174
148 253
148 279
149 175
150 164
150 176
150 329
151 165
151 315
151 328
152 314
152 327
153 167
153 300
153 326
154 168
154 287
154 299
155 181
155 207
156 182
157 349
158 171
158 348
159 333
159 334
159 347
160 173
160 320
160 332
161 174
161 306
161 319
162 188
162 214
163 189
164 165
164 342
165 178
165 341
166 167
166 179
166 192
166 327
167 180
167 313
168 260
168 286
169 195
170 184
171 348
172 173
172 186
172 347
173 187
173 332
174 279
174 305
175 201
176 190
177 191
178 341
179 193
179 313
179 326
180 299
180 313
180 325
181 207
182 208
183 196
184 197
185 198
186 199
186 346
187 319
187 345
188 214
188 240
189 215
190 203
191 204
192 340
193 206
193 339
194 220
194 259
194 286
194 312
195 221
196 210
197 211
198 212
199 213
200 226
200 266
200 305
200 331
201 227
202 216
203 217
204 218
205 219
205 220
206 325
207 233
208 234
209 222
209 235
210 223
211 224
212 225
213 345
214 240
214 266
215 241
216 229
217 230
218 231
219 232
220 285
220 312
221 247
222 236
223 237
224 238
225 239
226 240
226 331
227 253
228 242
228 254
229 243
230 244
231 245
232 246
233 259
233 285
233 311
234 260
235 248
236 249
237 250
238 251
239 252
240 266
241 267
242 255
243 256
244 257
245 258
246 338
247 273
248 262
249 263
250 264
251 265
252 278
253 279
254 268
255 269
256 270
257 271
258 272
259 285
259 287
260 286
261 274
262 275
263 276
264 277
265 278
266 292
267 293
268 281
269 282
270 283
271 284
272 298
273 299
274 288
275 289
276 290
277 291
278 304
279 305
280 294
280 306
281 295
282 296
283 297
284 298
285 311
286 312
287 300
288 301
289 302
290 303
291 304
292 318
293 319
294 307
295 308
296 309
297 310
298 324
299 325
300 314
301 315
302 316
303 317
304 330
305 331
306 320
307 321
308 322
309 323
310 324
311 337
312 338
313 326
314 327
315 328
316 329
317 330
318 344
319 345
320 333
321 334
322 335
323 336
324 350
325 339
326 340
327 341
328 342
329 343
330 344
331 345
332 346
333 347
334 348
335 349
336 350
337 338
338 350
339 340
340 341
341 342
342 343
343 344
344 345
345 346
346 347
347 348
348 349
349 350
