0 175
0 188
0 189
0 338
1 14
1 161
1 162
1 174
2 15
2 147
2 161
2 173
3 29
3 42
3 68
3 94
4 30
4 197
4 223
4 249
5 18
5 183
5 196
5 210
6 169
6 182
6 183
6 195
7 20
7 168
7 181
7 182
8 154
8 167
8 168
8 180
9 35
9 114
9 127
9 153
10 36
10 256
10 282
10 308
11 24
11 203
11 217
11 229
12 176
12 189
12 190
12 202
13 27
13 174
13 188
13 201
14 161
14 173
14 187
15 41
15 134
15 160
16 42
16 263
16 289
16 315
17 31
17 210
17 223
17 236
18 183
18 196
18 209
19 33
19 182
19 207
19 208
20 34
20 180
20 194
21 35
21 153
21 167
21 193
22 48
22 62
22 88
22 334
23 49
23 217
23 243
23 282
24 38
24 202
24 216
25 26
25 38
25 189
25 215
26 39
26 201
26 214
27 40
27 187
27 200
28 41
28 160
28 173
28 199
29 55
29 94
29 120
30 56
30 249
30 289
31 44
31 209
31 222
32 44
32 45
32 195
32 221
33 46
33 194
33 207
34 47
34 193
34 206
35 153
35 179
36 62
36 282
36 308
37 50
37 229
37 243
37 255
38 216
38 228
39 53
39 214
39 227
40 199
40 200
40 213
41 160
41 186
42 68
42 315
43 57
43 69
43 236
43 262
44 222
44 235
45 59
45 208
45 233
46 60
46 206
46 220
47 61
47 193
47 219
48 74
48 114
48 140
49 75
49 269
49 308
50 64
50 228
50 242
51 52
51 64
51 215
51 241
52 65
52 227
52 240
53 66
53 213
53 226
54 67
54 186
54 199
54 225
55 81
55 120
55 146
56 82
56 275
56 289
57 70
57 235
57 248
58 71
58 221
58 234
58 247
59 72
59 220
59 233
60 73
60 219
60 232
61 87
61 179
61 205
62 88
62 334
63 76
63 89
63 255
63 281
64 242
64 254
65 79
65 240
65 253
66 225
66 226
66 239
67 93
67 172
67 212
68 94
68 341
69 83
69 262
69 288
70 84
70 248
70 261
71 85
71 234
71 259
72 86
72 232
72 246
73 87
73 219
73 245
74 100
74 140
74 166
75 89
75 101
75 295
76 90
76 254
76 268
77 78
77 90
77 241
77 267
78 91
78 253
78 266
79 92
79 239
79 252
80 93
80 212
80 225
80 251
81 107
81 146
81 198
82 95
82 108
82 301
83 96
83 261
83 274
84 247
84 260
84 273
85 98
85 246
85 259
86 99
86 245
86 258
87 205
87 231
88 114
88 127
89 281
89 307
90 268
90 280
91 105
91 266
91 279
92 251
92 252
92 265
93 119
93 238
94 120
95 109
95 288
95 314
96 110
96 274
96 287
97 111
97 260
97 285
97 286
98 112
98 258
98 272
99 113
99 245
99 271
100 126
100 166
100 192
101 115
101 127
101 321
102 115
102 116
102 280
102 294
103 104
103 116
103 267
103 293
104 117
104 279
104 292
105 118
105 265
105 278
106 119
106 238
106 251
106 277
107 133
107 172
107 224
108 121
108 134
108 327
109 122
109 287
109 300
110 123
110 273
110 299
111 124
111 272
111 285
112 125
112 271
112 284
113 139
113 231
113 257
114 140
115 307
115 333
116 294
116 306
117 131
117 292
117 305
118 277
118 278
118 291
119 145
119 264
120 146
121 135
121 147
121 314
122 136
122 300
122 313
123 137
123 286
123 311
124 138
124 284
124 298
125 139
125 271
125 297
126 152
126 192
126 218
127 347
128 141
128 142
128 306
128 320
129 130
129 142
129 293
129 319
130 143
130 305
130 318
131 144
131 291
131 304
132 145
132 264
132 277
132 303
133 159
133 198
133 250
134 147
134 327
135 148
135 313
135 326
136 299
136 312
136 325
137 150
137 298
137 311
138 151
138 297
138 310
139 257
139 283
140 166
141 154
141 167
141 333
142 320
142 332
143 157
143 318
143 331
144 303
144 304
144 317
145 171
145 290
146 172
147 340
148 162
148 326
148 339
149 162
149 163
149 312
149 337
150 164
150 310
150 324
151 165
151 297
151 323
152 178
152 218
152 244
153 347
154 332
154 346
155 156
155 168
155 181
155 319
156 169
156 181
156 331
157 170
157 317
157 330
158 171
158 290
158 303
158 329
159 185
159 224
159 276
160 186
161 339
162 325
163 176
163 324
163 337
164 177
164 323
164 336
165 191
165 283
165 309
166 192
167 180
168 346
169 330
169 344
170 184
170 329
170 343
171 197
171 316
172 198
173 187
174 188
174 339
175 176
175 190
175 338
176 350
177 191
177 309
177 323
178 204
178 244
178 270
179 204
179 205
180 194
181 345
182 195
183 343
184 197
184 316
184 329
185 211
185 250
185 302
186 212
187 200
188 201
189 202
190 203
190 336
191 217
191 335
192 218
193 206
194 207
195 209
196 210
196 343
197 342
198 224
199 213
200 214
201 215
202 216
203 230
203 349
204 270
204 296
205 231
206 220
207 208
208 221
209 222
210 223
211 237
211 276
211 328
212 238
213 226
214 227
215 228
216 229
217 335
218 244
219 232
220 233
221 235
222 236
223 342
224 250
225 239
226 240
227 241
228 242
229 243
230 256
230 296
230 322
231 257
232 246
233 234
234 247
235 248
236 249
237 263
237 302
238 264
239 252
240 253
241 254
242 255
243 269
244 270
245 258
246 259
247 261
248 262
249 275
250 276
251 265
252 266
253 267
254 268
255 269
256 322
257 283
258 272
259 260
260 273
261 274
262 275
263 328
264 290
265 278
266 279
267 280
268 281
269 295
270 296
271 284
272 285
273 287
274 288
275 301
276 302
277 291
278 292
279 293
280 294
281 295
282 348
283 309
284 298
285 286
286 299
287 300
288 301
289 315
290 316
291 304
292 305
293 306
294 307
295 321
296 322
297 310
298 311
299 313
300 314
301 327
302 328
303 317
304 318
305 319
306 320
307 321
308 334
309 335
310 324
311 312
312 325
313 326
314 327
315 341
316 342
317 330
318 331
319 332
320 333
321 347
322 348
323 336
324 337
325 339
326 340
327 341
328 342
329 343
330 344
331 345
332 346
333 347
334 348
335 349
336 350
337 338
338 350
339 340
340 341
341 342
342 343
343 344
344 345
345 346
346 347
347 348
348 349
349 350
