0 132
0 145
0 158
0 338
1 27
1 66
1 313
1 339
2 28
2 208
2 221
2 326
3 16
3 194
3 207
3 220
4 17
4 179
4 180
4 193
5 166
5 178
5 179
5 192
6 19
6 151
6 165
6 178
7 33
7 46
7 112
7 138
8 34
8 241
8 267
8 306
9 188
9 201
9 214
9 347
10 23
10 174
10 187
10 200
11 24
11 172
11 173
11 186
12 25
12 159
12 172
12 350
13 39
13 53
13 118
13 144
14 40
14 247
14 287
14 313
15 29
15 207
15 208
15 233
16 30
16 194
16 206
17 192
17 193
17 205
18 32
18 178
18 191
18 204
19 151
19 165
19 177
20 46
20 60
20 86
20 332
21 47
21 201
21 227
21 241
22 36
22 200
22 214
22 226
23 37
23 187
23 199
24 172
24 186
24 198
25 26
25 171
25 185
26 158
26 171
26 184
27 53
27 66
27 92
28 54
28 234
28 247
29 42
29 220
29 246
30 43
30 206
30 219
31 43
31 44
31 205
31 218
32 45
32 177
32 191
33 59
33 138
33 164
34 60
34 267
34 332
35 48
35 227
35 240
35 253
36 49
36 200
36 213
37 198
37 199
37 212
38 51
38 185
38 197
38 211
39 65
39 144
39 170
40 66
40 273
40 287
41 55
41 233
41 234
41 259
42 56
42 219
42 232
43 218
43 231
44 58
44 204
44 230
45 59
45 191
45 203
46 72
46 112
47 73
47 253
47 279
48 62
48 226
48 240
49 63
49 213
49 225
50 63
50 64
50 212
50 224
51 52
51 184
51 197
52 65
52 197
52 210
53 79
53 118
54 80
54 260
54 286
55 68
55 246
55 272
56 69
56 232
56 245
57 69
57 70
57 231
57 244
58 71
58 203
58 217
59 164
59 190
60 86
60 293
61 73
61 74
61 252
61 266
62 75
62 225
62 239
63 224
63 238
64 77
64 211
64 237
65 170
65 196
66 299
67 81
67 259
67 260
67 285
68 82
68 245
68 258
69 244
69 257
70 84
70 230
70 256
71 85
71 217
71 229
72 98
72 112
72 138
73 99
73 279
74 88
74 252
74 266
75 89
75 239
75 251
76 89
76 90
76 238
76 250
77 78
77 210
77 223
78 91
78 223
78 236
79 105
79 118
79 131
80 106
80 286
80 312
81 94
81 272
81 298
82 95
82 258
82 271
83 95
83 96
83 257
83 270
84 97
84 229
84 243
85 111
85 190
85 216
86 99
86 319
87 100
87 278
87 292
87 305
88 101
88 251
88 265
89 250
89 264
90 103
90 237
90 263
91 117
91 196
91 222
92 106
92 132
92 325
93 106
93 107
93 285
93 311
94 108
94 271
94 284
95 270
95 283
96 110
96 256
96 282
97 111
97 243
97 255
98 124
98 150
98 176
99 125
99 305
100 114
100 278
100 292
101 115
101 265
101 277
102 115
102 116
102 264
102 276
103 104
103 236
103 249
104 117
104 249
104 262
105 131
105 157
105 183
106 312
107 120
107 298
107 324
108 121
108 284
108 297
109 121
109 122
109 283
109 296
110 123
110 255
110 269
111 216
111 242
112 345
113 126
113 304
113 318
113 331
114 127
114 277
114 291
115 276
115 290
116 129
116 263
116 289
117 222
117 248
118 144
119 132
119 133
119 311
119 337
120 134
120 297
120 310
121 296
121 309
122 136
122 282
122 308
123 137
123 269
123 281
124 150
124 176
124 202
125 139
125 151
125 331
126 140
126 304
126 318
127 141
127 291
127 303
128 141
128 142
128 290
128 302
129 130
129 262
129 275
130 143
130 275
130 288
131 157
131 183
132 338
133 146
133 324
133 336
134 147
134 310
134 323
135 147
135 148
135 309
135 322
136 149
136 281
136 295
137 163
137 242
137 268
138 164
139 152
139 330
139 344
140 153
140 303
140 317
141 302
141 316
142 155
142 289
142 315
143 169
143 248
143 274
144 170
145 158
145 159
145 337
146 160
146 323
146 336
147 322
147 335
148 162
148 308
148 334
149 163
149 295
149 307
150 176
150 202
151 177
152 165
152 166
152 330
153 167
153 317
153 329
154 167
154 168
154 316
154 328
155 156
155 288
155 301
156 169
156 301
156 314
157 183
157 209
158 184
159 171
159 350
160 161
160 173
160 349
161 173
161 174
161 335
162 175
162 307
162 321
163 268
163 294
164 190
165 344
166 179
166 343
167 329
167 342
168 181
168 315
168 328
169 274
169 300
170 196
171 185
172 186
173 349
174 188
174 334
175 189
175 321
175 333
176 202
177 203
178 192
179 343
180 193
180 194
180 342
181 182
181 314
181 327
182 195
182 327
182 340
183 209
184 210
185 198
186 199
187 188
187 348
188 347
189 215
189 294
189 320
190 216
191 204
192 205
193 206
194 341
195 221
195 235
195 300
196 222
197 211
198 212
199 213
200 214
201 215
201 333
202 228
203 229
204 218
205 219
206 220
207 208
207 327
208 340
209 235
209 261
210 236
211 224
212 225
213 226
214 227
215 254
215 320
216 242
217 230
217 243
218 231
219 232
220 233
221 261
221 326
222 248
223 237
223 249
224 238
225 239
226 240
227 241
228 254
228 280
228 306
229 255
230 244
231 245
232 246
233 234
234 247
235 261
235 301
236 262
237 250
238 251
239 252
240 253
241 346
242 268
243 256
244 257
245 258
246 259
247 273
248 274
249 263
250 264
251 265
252 266
253 267
254 280
254 321
255 281
256 270
257 271
258 272
259 260
260 273
261 287
262 288
263 276
264 277
265 278
266 279
267 293
268 294
269 282
269 295
270 283
271 284
272 285
273 299
274 300
275 289
276 290
277 291
278 292
279 293
280 306
281 307
282 296
283 297
284 298
285 286
286 299
287 313
288 314
289 302
290 303
291 304
292 305
293 319
294 320
295 308
296 309
297 310
298 311
299 325
300 326
301 315
302 316
303 317
304 318
305 319
306 332
307 333
308 322
309 323
310 324
311 312
312 325
313 339
314 340
315 328
316 329
317 330
318 331
319 345
320 346
321 334
322 335
323 336
324 337
325 339
326 340
327 341
328 342
329 343
330 344
331 345
332 346
333 347
334 348
335 349
336 350
337 338
338 339
339 340
340 341
341 342
342 343
343 344
344 345
345 346
346 347
347 348
348 349
349 350
