0 13
0 175
0 176
0 189
1 162
1 174
1 175
1 188
2 15
2 147
2 161
2 173
3 29
3 68
3 108
3 134
4 30
4 237
4 263
4 302
5 184
5 196
5 197
5 210
6 19
6 169
6 183
6 196
7 20
7 169
7 181
7 182
8 21
8 168
8 180
8 181
9 127
9 141
9 167
9 347
10 36
10 308
10 322
10 348
11 191
11 203
11 217
11 243
12 25
12 190
12 202
12 203
13 188
13 189
13 201
14 28
14 161
14 174
14 187
15 134
15 147
15 173
16 42
16 68
16 289
16 328
17 197
17 210
17 223
17 249
18 32
18 196
18 209
18 222
19 33
19 182
19 195
20 181
20 194
20 207
21 35
21 167
21 180
22 48
22 88
22 127
22 153
23 49
23 230
23 256
23 282
24 203
24 216
24 217
24 229
25 26
25 189
25 202
26 39
26 201
26 215
27 39
27 40
27 200
27 214
28 41
28 173
28 187
29 94
29 134
29 160
30 56
30 237
30 263
31 43
31 44
31 223
31 236
32 45
32 195
32 209
33 46
33 207
33 208
34 47
34 180
34 194
34 206
35 167
35 179
35 193
36 62
36 88
36 101
37 63
37 217
37 243
37 269
38 51
38 216
38 228
38 242
39 214
39 227
40 54
40 200
40 213
41 55
41 186
41 199
42 68
42 94
42 108
43 236
43 249
43 275
44 58
44 222
44 235
45 59
45 208
45 221
46 60
46 220
46 233
47 61
47 193
47 206
48 74
48 114
48 153
49 75
49 256
49 282
50 63
50 64
50 229
50 255
51 52
51 215
51 228
52 65
52 227
52 241
53 65
53 66
53 226
53 240
54 67
54 199
54 213
55 81
55 120
55 160
56 69
56 82
56 289
57 69
57 70
57 248
57 262
58 71
58 221
58 235
59 72
59 233
59 234
60 73
60 220
60 232
61 193
61 205
61 219
62 88
62 114
62 127
63 269
63 295
64 77
64 242
64 254
65 240
65 253
66 80
66 226
66 239
67 81
67 212
67 225
68 94
69 262
69 275
70 84
70 248
70 261
71 85
71 234
71 247
72 86
72 246
72 259
73 87
73 219
73 232
74 100
74 140
74 179
75 89
75 101
75 308
76 90
76 255
76 268
76 281
77 78
77 241
77 254
78 91
78 253
78 267
79 91
79 92
79 252
79 266
80 93
80 225
80 239
81 146
81 186
82 108
82 301
82 315
83 95
83 96
83 274
83 288
84 97
84 247
84 261
85 98
85 259
85 260
86 99
86 246
86 258
87 100
87 231
87 245
88 114
89 115
89 295
89 321
90 103
90 268
90 280
91 266
91 279
92 106
92 252
92 265
93 107
93 238
93 251
94 120
95 288
95 301
95 327
96 110
96 274
96 287
97 111
97 260
97 273
98 112
98 272
98 285
99 113
99 245
99 258
100 166
100 205
101 115
101 334
102 116
102 281
102 294
102 307
103 104
103 267
103 280
104 117
104 279
104 293
105 117
105 118
105 278
105 292
106 119
106 251
106 265
107 133
107 172
107 212
108 341
109 121
109 122
109 300
109 314
110 123
110 273
110 287
111 124
111 285
111 286
112 125
112 272
112 284
113 126
113 257
113 271
114 140
115 141
115 321
116 129
116 294
116 306
117 292
117 305
118 132
118 278
118 291
119 133
119 264
119 277
120 146
120 172
121 147
121 314
121 327
122 136
122 300
122 313
123 137
123 286
123 299
124 138
124 298
124 311
125 139
125 271
125 284
126 152
126 192
126 231
127 153
128 142
128 307
128 320
128 333
129 130
129 293
129 306
130 143
130 305
130 319
131 143
131 144
131 304
131 318
132 145
132 277
132 291
133 198
133 238
134 160
135 148
135 161
135 326
135 340
136 149
136 299
136 313
137 150
137 311
137 312
138 151
138 298
138 310
139 152
139 283
139 297
140 166
140 192
141 154
141 347
142 155
142 320
142 332
143 318
143 331
144 158
144 304
144 317
145 159
145 290
145 303
146 172
146 198
147 340
148 162
148 174
148 326
149 163
149 312
149 325
150 164
150 324
150 337
151 165
151 297
151 310
152 218
152 257
153 179
154 155
154 168
154 333
155 319
155 332
156 169
156 182
156 331
156 345
157 170
157 183
157 317
157 330
158 171
158 303
158 317
159 185
159 224
159 264
160 186
161 340
162 325
162 339
163 176
163 337
163 338
164 177
164 324
164 336
165 178
165 309
165 323
166 192
166 218
167 347
168 206
168 346
169 344
170 183
170 184
170 330
171 185
171 316
171 329
172 198
173 199
174 188
175 176
175 338
176 350
177 191
177 323
177 336
178 204
178 244
178 283
179 205
180 194
181 345
182 195
183 344
184 197
184 343
185 250
185 290
186 212
187 200
187 213
188 201
189 202
190 191
190 336
190 350
191 349
192 218
193 219
194 207
195 209
196 210
197 329
198 224
199 225
200 214
201 215
202 216
203 349
204 270
204 309
204 335
205 231
206 220
207 208
208 221
209 222
210 223
211 237
211 250
211 276
211 316
212 238
213 226
214 227
215 228
216 229
217 349
218 244
219 245
220 233
221 235
222 236
223 342
224 250
224 276
225 251
226 240
227 241
228 242
229 243
230 270
230 296
230 335
231 257
232 246
232 258
233 234
234 247
235 248
236 249
237 342
238 264
239 252
239 265
240 253
241 254
242 255
243 256
244 270
244 296
245 271
246 259
247 261
248 262
249 263
250 276
251 277
252 266
253 267
254 268
255 269
256 322
257 283
258 272
259 260
260 273
261 274
262 275
263 328
264 290
265 278
266 279
267 280
268 281
269 282
270 296
271 297
272 285
273 287
274 288
275 289
276 302
277 303
278 292
279 293
280 294
281 295
282 348
283 309
284 298
284 310
285 286
286 299
287 300
288 301
289 315
290 316
291 302
291 304
292 305
293 306
294 307
295 308
296 322
297 323
298 311
299 313
300 314
301 315
302 328
303 329
304 318
305 319
306 320
307 321
308 334
309 335
310 324
311 312
312 325
313 326
314 327
315 341
316 342
317 330
318 331
319 332
320 333
321 334
322 348
323 349
324 337
325 339
326 340
327 341
328 342
329 343
330 344
331 345
332 346
333 347
334 348
335 349
336 350
337 338
338 339
339 340
340 341
341 342
342 343
343 344
344 345
345 346
346 347
347 348
348 349
349 350
