0 43
0 760
0 781
0 803
1 22
1 847
1 868
1 890
2 23
2 934
2 955
2 977
3 24
3 1042
3 1086
3 1108
4 25
4 1196
4 1217
4 1283
5 1371
5 1436
5 1458
5 1523
6 71
6 93
6 137
6 1524
7 72
7 159
7 225
7 290
8 29
8 400
8 465
8 487
9 30
9 552
9 596
9 618
10 31
10 662
10 683
10 705
11 32
11 749
11 770
11 792
12 33
12 836
12 879
12 901
13 34
13 945
13 966
13 988
14 35
14 1053
14 1097
14 1119
15 36
15 1207
15 1228
15 1294
16 1382
16 1447
16 1469
16 1534
17 82
17 104
17 148
17 1535
18 83
18 170
18 236
18 301
19 411
19 432
19 476
19 498
20 41
20 563
20 607
20 629
21 42
21 673
21 694
21 716
22 44
22 825
22 847
23 45
23 912
23 934
24 46
24 1021
24 1065
25 1130
25 1152
25 1217
26 1305
26 1327
26 1392
26 1458
27 93
27 1480
27 1524
27 1546
28 94
28 159
28 181
28 246
29 95
29 334
29 400
30 509
30 531
30 575
31 53
31 640
31 662
32 54
32 727
32 749
33 55
33 814
33 836
34 56
34 923
34 945
35 57
35 1032
35 1076
36 1141
36 1163
36 1228
37 1316
37 1338
37 1403
37 1469
38 104
38 1491
38 1535
38 1557
39 105
39 170
39 192
39 257
40 62
40 106
40 345
40 411
41 63
41 520
41 542
42 64
42 651
42 673
43 65
43 738
43 760
44 87
44 804
44 825
45 66
45 891
45 912
46 67
46 978
46 999
47 68
47 1086
47 1130
47 1152
48 69
48 1240
48 1261
48 1327
49 1415
49 1480
49 1502
49 1567
50 115
50 137
50 181
50 202
51 116
51 203
51 269
51 334
52 73
52 444
52 509
52 531
53 74
53 596
53 640
54 75
54 706
54 727
55 76
55 793
55 814
56 77
56 880
56 923
57 78
57 989
57 1010
58 79
58 1097
58 1141
58 1163
59 80
59 1251
59 1272
59 1338
60 1426
60 1491
60 1513
60 1578
61 126
61 148
61 192
61 213
62 127
62 280
62 345
63 455
63 520
63 542
64 85
64 607
64 651
65 86
65 717
65 738
66 88
66 869
66 891
67 89
67 956
67 978
68 90
68 1065
68 1109
69 1174
69 1196
69 1261
70 1349
70 1371
70 1436
70 1502
71 93
71 137
71 158
72 138
72 203
72 225
73 139
73 378
73 444
74 553
74 575
74 619
75 97
75 684
75 706
76 98
76 771
76 793
77 99
77 858
77 880
78 100
78 967
78 989
79 101
79 1076
79 1120
80 1185
80 1207
80 1272
81 1360
81 1382
81 1447
81 1513
82 104
82 148
82 169
83 149
83 214
83 236
84 106
84 150
84 389
84 455
85 107
85 564
85 586
86 108
86 695
86 717
87 109
87 782
87 804
88 131
88 848
88 869
89 110
89 935
89 956
90 111
90 1022
90 1043
91 112
91 135
91 1153
91 1174
92 113
92 1284
92 1305
92 1327
93 1546
94 115
94 159
94 246
95 160
95 313
95 378
96 117
96 161
96 488
96 553
97 118
97 663
97 684
98 119
98 750
98 771
99 120
99 837
99 858
100 121
100 924
100 967
101 122
101 1033
101 1054
102 123
102 146
102 1164
102 1185
103 124
103 1295
103 1316
103 1338
104 1557
105 126
105 170
105 257
106 324
106 389
107 499
107 564
107 586
108 129
108 630
108 695
109 130
109 761
109 782
110 132
110 913
110 935
111 133
111 1000
111 1022
112 134
112 1087
112 1109
113 135
113 1218
113 1240
114 136
114 180
114 1393
114 1415
115 181
115 202
116 182
116 247
116 269
117 183
117 422
117 488
118 140
118 597
118 619
119 141
119 728
119 750
120 142
120 815
120 837
121 143
121 902
121 924
122 144
122 1011
122 1033
123 145
123 1098
123 1120
124 146
124 1229
124 1251
125 147
125 191
125 1404
125 1426
126 192
126 213
127 193
127 258
127 280
128 150
128 194
128 433
128 499
129 151
129 608
129 630
130 152
130 739
130 761
131 153
131 826
131 848
132 175
132 892
132 913
133 154
133 979
133 1000
134 155
134 1066
134 1087
135 156
135 1218
136 157
136 1328
136 1349
137 1503
138 182
138 203
138 290
139 204
139 357
139 422
140 161
140 532
140 597
141 162
141 707
141 728
142 163
142 794
142 815
143 164
143 881
143 902
144 165
144 968
144 1011
145 166
145 1077
145 1098
146 167
146 1229
147 168
147 1339
147 1360
148 1514
149 193
149 214
149 301
150 368
150 433
151 172
151 543
151 608
152 173
152 674
152 739
153 174
153 805
153 826
154 176
154 957
154 979
155 177
155 1044
155 1066
156 178
156 1153
156 1197
157 179
157 1262
157 1284
158 224
158 1437
158 1459
159 225
160 226
160 291
160 313
161 466
161 532
162 184
162 641
162 663
163 185
163 772
163 794
164 186
164 859
164 881
165 187
165 946
165 968
166 188
166 1055
166 1077
167 189
167 1164
167 1208
168 190
168 1273
168 1295
169 235
169 1448
169 1470
170 236
171 237
171 302
171 324
171 368
172 238
172 477
172 543
173 195
173 652
173 674
174 196
174 783
174 805
175 197
175 870
175 892
176 219
176 936
176 957
177 198
177 1023
177 1044
178 199
178 1110
178 1131
179 200
179 1241
179 1262
180 1372
180 1393
180 1459
181 1547
182 226
182 247
183 248
183 401
183 466
184 205
184 576
184 641
185 206
185 751
185 772
186 207
186 838
186 859
187 208
187 925
187 946
188 209
188 1012
188 1055
189 210
189 1121
189 1142
190 211
190 1252
190 1273
191 1383
191 1404
191 1470
192 1558
193 214
193 258
194 259
194 412
194 477
195 216
195 587
195 652
196 217
196 718
196 783
197 218
197 849
197 870
198 220
198 1001
198 1023
199 221
199 1088
199 1110
200 222
200 1175
200 1197
201 223
201 245
201 1306
201 1328
202 1481
202 1503
203 269
204 270
204 335
204 357
205 271
205 510
205 576
206 228
206 685
206 707
207 229
207 816
207 838
208 230
208 903
208 925
209 231
209 990
209 1012
210 232
210 1099
210 1121
211 233
211 1186
211 1208
212 234
212 256
212 1317
212 1339
213 1492
213 1514
214 280
215 281
215 302
215 346
215 412
216 282
216 521
216 587
217 239
217 696
217 718
218 240
218 827
218 849
219 241
219 914
219 936
220 263
220 980
220 1001
221 242
221 1067
221 1088
222 243
222 1154
222 1175
223 244
223 1285
223 1306
224 245
224 1416
224 1437
225 290
226 247
226 291
227 292
227 379
227 445
227 510
228 249
228 620
228 685
229 250
229 795
229 816
230 251
230 882
230 903
231 252
231 969
231 990
232 253
232 1056
232 1099
233 254
233 1165
233 1186
234 255
234 1296
234 1317
235 256
235 1427
235 1448
236 301
237 258
237 281
237 302
238 303
238 456
238 521
239 260
239 631
239 696
240 261
240 762
240 827
241 262
241 893
241 914
242 264
242 1045
242 1067
243 265
243 1132
243 1154
244 266
244 1219
244 1241
245 1350
245 1372
246 1525
246 1547
247 313
248 314
248 379
248 401
249 315
249 554
249 620
250 272
250 729
250 751
251 273
251 860
251 882
252 274
252 947
252 969
253 275
253 1034
253 1056
254 276
254 1143
254 1165
255 277
255 1230
255 1252
256 1361
256 1383
257 1536
257 1558
258 324
259 325
259 390
259 456
260 326
260 565
260 631
261 283
261 740
261 762
262 284
262 871
262 893
263 285
263 958
263 980
264 307
264 1024
264 1045
265 286
265 1111
265 1132
266 287
266 1198
266 1219
267 288
267 311
267 1329
267 1350
268 289
268 333
268 1460
268 1481
269 334
270 291
270 314
270 335
271 336
271 489
271 554
272 293
272 664
272 729
273 294
273 839
273 860
274 295
274 926
274 947
275 296
275 1013
275 1034
276 297
276 1100
276 1143
277 298
277 1209
277 1230
278 299
278 322
278 1340
278 1361
279 300
279 344
279 1471
279 1492
280 345
281 325
281 346
282 347
282 500
282 565
283 304
283 675
283 740
284 305
284 806
284 871
285 306
285 937
285 958
286 308
286 1089
286 1111
287 309
287 1176
287 1198
288 310
288 1263
288 1285
289 311
289 1394
289 1416
290 1569
291 357
292 358
292 423
292 445
293 359
293 598
293 664
294 316
294 773
294 795
295 317
295 904
295 926
296 318
296 991
296 1013
297 319
297 1078
297 1100
298 320
298 1187
298 1209
299 321
299 1274
299 1296
300 322
300 1405
300 1427
301 1580
302 368
303 369
303 434
303 500
304 370
304 609
304 675
305 327
305 784
305 806
306 328
306 915
306 937
307 329
307 1002
307 1024
308 351
308 1068
308 1089
309 330
309 1155
309 1176
310 331
310 1242
310 1263
311 332
311 1394
312 333
312 377
312 1504
312 1525
313 378
314 335
314 379
315 380
315 533
315 598
316 337
316 708
316 773
317 338
317 883
317 904
318 339
318 970
318 991
319 340
319 1057
319 1078
320 341
320 1144
320 1187
321 342
321 1253
321 1274
322 343
322 1405
323 344
323 388
323 1515
323 1536
324 389
325 346
325 390
326 391
326 544
326 609
327 348
327 719
327 784
328 349
328 850
328 915
329 350
329 981
329 1002
330 352
330 1133
330 1155
331 353
331 1220
331 1242
332 354
332 1329
332 1373
333 1438
333 1460
334 400
335 401
336 402
336 467
336 489
337 403
337 642
337 708
338 360
338 817
338 839
339 361
339 948
339 970
340 362
340 1035
340 1057
341 363
341 1122
341 1144
342 364
342 1231
342 1253
343 365
343 1340
343 1384
344 1449
344 1471
345 411
346 412
347 413
347 478
347 544
348 414
348 653
348 719
349 371
349 828
349 850
350 372
350 959
350 981
351 373
351 1046
351 1068
352 395
352 1112
352 1133
353 374
353 1199
353 1220
354 375
354 1286
354 1307
355 376
355 399
355 1417
355 1438
356 377
356 421
356 1548
356 1569
357 422
358 402
358 423
358 467
359 424
359 577
359 642
360 381
360 752
360 817
361 382
361 927
361 948
362 383
362 1014
362 1035
363 384
363 1101
363 1122
364 385
364 1188
364 1231
365 386
365 1297
365 1318
366 387
366 410
366 1428
366 1449
367 388
367 432
367 1559
367 1580
368 433
369 390
369 413
369 434
370 435
370 588
370 653
371 392
371 763
371 828
372 393
372 894
372 959
373 394
373 1025
373 1046
374 396
374 1177
374 1199
375 397
375 1264
375 1286
376 398
376 1351
376 1373
377 1482
377 1504
378 444
379 445
380 446
380 511
380 533
381 447
381 686
381 752
382 404
382 861
382 883
383 405
383 992
383 1014
384 406
384 1079
384 1101
385 407
385 1166
385 1188
386 408
386 1275
386 1297
387 409
387 1362
387 1384
388 1493
388 1515
389 455
390 456
391 457
391 522
391 588
392 458
392 697
392 763
393 415
393 872
393 894
394 416
394 1003
394 1025
395 417
395 1090
395 1112
396 439
396 1156
396 1177
397 418
397 1243
397 1264
398 419
398 1330
398 1351
399 420
399 1461
399 1482
400 421
401 466
402 423
402 467
403 468
403 621
403 686
404 425
404 796
404 861
405 426
405 971
405 992
406 427
406 1058
406 1079
407 428
407 1145
407 1166
408 429
408 1232
408 1275
409 430
409 1341
409 1362
410 431
410 1472
410 1493
411 432
412 477
413 434
413 478
414 479
414 632
414 697
415 436
415 807
415 872
416 437
416 938
416 1003
417 438
417 1069
417 1090
418 440
418 1221
418 1243
419 441
419 1308
419 1330
420 442
420 1395
420 1417
421 1526
421 1548
422 488
423 489
424 490
424 555
424 577
425 491
425 730
425 796
426 448
426 905
426 927
427 449
427 1036
427 1058
428 450
428 1123
428 1145
429 451
429 1210
429 1232
430 452
430 1319
430 1341
431 453
431 1406
431 1428
432 1559
433 499
434 500
435 501
435 566
435 632
436 502
436 741
436 807
437 459
437 916
437 938
438 460
438 1047
438 1069
439 461
439 1134
439 1156
440 483
440 1200
440 1221
441 462
441 1287
441 1308
442 463
442 1374
442 1395
443 464
443 487
443 1505
443 1526
444 465
445 510
446 490
446 511
446 555
447 512
447 665
447 730
448 469
448 840
448 905
449 470
449 1015
449 1036
450 471
450 1102
450 1123
451 472
451 1189
451 1210
452 473
452 1276
452 1319
453 474
453 1385
453 1406
454 475
454 498
454 1516
454 1537
455 476
456 521
457 478
457 501
457 522
458 523
458 676
458 741
459 480
459 851
459 916
460 481
460 982
460 1047
461 482
461 1113
461 1134
462 484
462 1265
462 1287
463 485
463 1352
463 1374
464 486
464 1439
464 1461
465 487
465 1570
466 532
467 533
468 534
468 599
468 621
469 535
469 774
469 840
470 492
470 949
470 971
471 493
471 1080
471 1102
472 494
472 1167
472 1189
473 495
473 1254
473 1276
474 496
474 1363
474 1385
475 497
475 1450
475 1472
476 498
476 1581
477 543
478 544
479 545
479 610
479 676
480 546
480 785
480 851
481 503
481 960
481 982
482 504
482 1091
482 1113
483 505
483 1178
483 1200
484 527
484 1244
484 1265
485 506
485 1331
485 1352
486 507
486 1418
486 1439
487 1570
488 509
489 554
490 511
490 555
491 556
491 709
491 774
492 513
492 884
492 949
493 514
493 1059
493 1080
494 515
494 1146
494 1167
495 516
495 1233
495 1254
496 517
496 1320
496 1363
497 518
497 1429
497 1450
498 1581
499 520
500 565
501 522
501 566
502 567
502 720
502 785
503 524
503 895
503 960
504 525
504 1026
504 1091
505 526
505 1157
505 1178
506 528
506 1309
506 1331
507 529
507 1396
507 1418
508 530
508 1483
508 1505
508 1549
509 531
510 576
511 577
512 578
512 643
512 665
513 579
513 818
513 884
514 536
514 993
514 1015
515 537
515 1124
515 1146
516 538
516 1211
516 1233
517 539
517 1298
517 1320
518 540
518 1407
518 1429
519 541
519 1494
519 1516
519 1560
520 542
521 587
522 588
523 589
523 654
523 720
524 590
524 829
524 895
525 547
525 1004
525 1026
526 548
526 1135
526 1157
527 549
527 1222
527 1244
528 571
528 1288
528 1309
529 550
529 1375
529 1396
530 551
530 1462
530 1483
531 1570
532 553
533 598
534 578
534 599
534 643
535 600
535 753
535 818
536 557
536 928
536 993
537 558
537 1103
537 1124
538 559
538 1190
538 1211
539 560
539 1277
539 1298
540 561
540 1364
540 1407
541 562
541 1473
541 1494
542 1581
543 564
544 609
545 566
545 589
545 610
546 611
546 764
546 829
547 568
547 939
547 1004
548 569
548 1070
548 1135
549 570
549 1201
549 1222
550 572
550 1353
550 1375
551 573
551 1440
551 1462
552 574
552 1527
552 1549
553 575
554 620
555 621
556 622
556 687
556 709
557 623
557 862
557 928
558 580
558 1037
558 1059
559 581
559 1168
559 1190
560 582
560 1255
560 1277
561 583
561 1342
561 1364
562 584
562 1451
562 1473
563 585
563 1538
563 1560
564 586
565 631
566 632
567 633
567 698
567 764
568 634
568 873
568 939
569 591
569 1048
569 1070
570 592
570 1179
570 1201
571 593
571 1266
571 1288
572 615
572 1332
572 1353
573 594
573 1419
573 1440
574 595
574 1506
574 1527
575 596
576 597
577 642
578 599
578 643
579 644
579 797
579 862
580 601
580 972
580 1037
581 602
581 1147
581 1168
582 603
582 1234
582 1255
583 604
583 1321
583 1342
584 605
584 1408
584 1451
585 606
585 1517
585 1538
586 607
587 608
588 653
589 610
589 654
590 655
590 808
590 873
591 612
591 983
591 1048
592 613
592 1114
592 1179
593 614
593 1245
593 1266
594 616
594 1397
594 1419
595 617
595 1484
595 1506
596 618
597 619
598 664
599 665
600 666
600 731
600 753
601 667
601 906
601 972
602 624
602 1081
602 1103
603 625
603 1212
603 1234
604 626
604 1299
604 1321
605 627
605 1386
605 1408
606 628
606 1495
606 1517
607 629
608 630
609 675
610 676
611 677
611 742
611 808
612 678
612 917
612 983
613 635
613 1092
613 1114
614 636
614 1223
614 1245
615 637
615 1310
615 1332
616 659
616 1376
616 1397
617 638
617 1463
617 1484
618 1550
618 1571
619 640
620 641
621 686
622 666
622 687
622 731
623 688
623 841
623 906
624 645
624 1016
624 1081
625 646
625 1191
625 1212
626 647
626 1278
626 1299
627 648
627 1365
627 1386
628 649
628 1452
628 1495
629 1561
629 1582
630 651
631 652
632 697
633 654
633 677
633 698
634 699
634 852
634 917
635 656
635 1027
635 1092
636 657
636 1158
636 1223
637 658
637 1289
637 1310
638 660
638 1441
638 1463
639 661
639 683
639 1528
639 1550
640 662
641 663
642 708
643 709
644 710
644 775
644 797
645 711
645 950
645 1016
646 668
646 1125
646 1147
647 669
647 1256
647 1278
648 670
648 1343
648 1365
649 671
649 1430
649 1452
650 672
650 694
650 1539
650 1561
651 673
652 674
653 719
654 720
655 721
655 786
655 852
656 722
656 961
656 1027
657 679
657 1136
657 1158
658 680
658 1267
658 1289
659 681
659 1354
659 1376
660 703
660 1420
660 1441
661 682
661 1507
661 1528
662 683
663 684
664 685
665 730
666 687
666 731
667 732
667 885
667 950
668 689
668 1060
668 1125
669 690
669 1235
669 1256
670 691
670 1322
670 1343
671 692
671 1409
671 1430
672 693
672 1496
672 1539
673 694
674 695
675 696
676 741
677 698
677 742
678 743
678 896
678 961
679 700
679 1071
679 1136
680 701
680 1202
680 1267
681 702
681 1333
681 1354
682 704
682 1485
682 1507
683 1572
684 706
685 707
686 752
687 753
688 754
688 819
688 841
689 755
689 994
689 1060
690 712
690 1169
690 1191
691 713
691 1300
691 1322
692 714
692 1387
692 1409
693 715
693 1474
693 1496
694 1583
695 717
696 718
697 763
698 764
699 765
699 830
699 896
700 766
700 1005
700 1071
701 723
701 1180
701 1202
702 724
702 1311
702 1333
703 725
703 1398
703 1420
704 747
704 1464
704 1485
705 726
705 1551
705 1572
706 727
707 728
708 729
709 774
710 754
710 775
710 819
711 776
711 929
711 994
712 733
712 1104
712 1169
713 734
713 1279
713 1300
714 735
714 1366
714 1387
715 736
715 1453
715 1474
716 737
716 1540
716 1583
717 738
718 739
719 740
720 785
721 742
721 765
721 786
722 787
722 940
722 1005
723 744
723 1115
723 1180
724 745
724 1246
724 1311
725 746
725 1377
725 1398
726 748
726 1529
726 1551
727 749
728 750
729 751
730 796
731 797
732 798
732 863
732 885
733 799
733 1038
733 1104
734 756
734 1213
734 1235
735 757
735 1344
735 1366
736 758
736 1431
736 1453
737 759
737 1518
737 1540
738 760
739 761
740 762
741 807
742 808
743 809
743 874
743 940
744 810
744 1049
744 1115
745 767
745 1224
745 1246
746 768
746 1355
746 1377
747 769
747 1442
747 1464
748 791
748 1508
748 1529
749 770
750 771
751 772
752 773
753 818
754 775
754 819
755 820
755 973
755 1038
756 777
756 1148
756 1213
757 778
757 1323
757 1344
758 779
758 1410
758 1431
759 780
759 1497
759 1518
760 781
761 782
762 783
763 784
764 829
765 786
765 830
766 831
766 984
766 1049
767 788
767 1159
767 1224
768 789
768 1290
768 1355
769 790
769 1421
769 1442
770 792
770 1573
771 793
772 794
773 795
774 840
775 841
776 842
776 907
776 929
777 843
777 1082
777 1148
778 800
778 1257
778 1279
779 801
779 1388
779 1410
780 802
780 1475
780 1497
781 803
781 1562
782 804
783 805
784 806
785 851
786 852
787 853
787 918
787 984
788 854
788 1093
788 1159
789 811
789 1268
789 1290
790 812
790 1399
790 1421
791 813
791 1486
791 1508
792 1552
792 1573
793 814
794 815
795 816
796 817
797 862
798 842
798 863
798 907
799 864
799 1017
799 1082
800 821
800 1192
800 1257
801 822
801 1367
801 1388
802 823
802 1454
802 1475
803 1541
803 1562
804 825
805 826
806 827
807 828
808 873
809 830
809 853
809 874
810 875
810 1028
810 1093
811 832
811 1203
811 1268
812 833
812 1334
812 1399
813 834
813 1465
813 1486
814 836
815 837
816 838
817 839
818 884
819 885
820 886
820 951
820 973
821 887
821 1126
821 1192
822 844
822 1301
822 1323
823 845
823 1432
823 1454
824 846
824 868
824 1519
824 1541
825 847
826 848
827 849
828 850
829 895
830 896
831 897
831 962
831 1028
832 898
832 1137
832 1203
833 855
833 1312
833 1334
834 856
834 1443
834 1465
835 857
835 879
835 1530
835 1552
836 879
837 858
838 859
839 860
840 861
841 906
842 863
842 907
843 908
843 1061
843 1126
844 865
844 1236
844 1301
845 866
845 1411
845 1432
846 867
846 1498
846 1519
847 868
848 869
849 870
850 871
851 872
852 917
853 874
853 918
854 919
854 1072
854 1137
855 876
855 1247
855 1312
856 877
856 1378
856 1443
857 878
857 1509
857 1530
858 880
859 881
860 882
861 883
862 928
863 929
864 930
864 995
864 1017
865 931
865 1170
865 1236
866 888
866 1345
866 1367
867 889
867 1476
867 1498
868 1563
869 891
870 892
871 893
872 894
873 939
874 940
875 941
875 1006
875 1072
876 942
876 1181
876 1247
877 899
877 1356
877 1378
878 900
878 1487
878 1509
879 1574
880 923
881 902
882 903
883 904
884 905
885 950
886 930
886 951
886 995
887 952
887 1105
887 1170
888 909
888 1280
888 1345
889 910
889 1455
889 1476
890 911
890 1542
890 1563
891 912
892 913
893 914
894 915
895 916
896 961
897 918
897 941
897 962
898 963
898 1116
898 1181
899 920
899 1291
899 1356
900 921
900 1422
900 1487
901 922
901 1553
901 1574
902 924
903 925
904 926
905 927
906 972
907 973
908 974
908 1039
908 1061
909 975
909 1214
909 1280
910 932
910 1389
910 1411
911 933
911 1520
911 1542
912 934
913 935
914 936
915 937
916 938
917 983
918 984
919 985
919 1050
919 1116
920 986
920 1225
920 1291
921 943
921 1400
921 1422
922 944
922 1531
922 1553
923 945
924 967
925 946
926 947
927 948
928 949
929 994
930 951
930 995
931 996
931 1149
931 1214
932 953
932 1324
932 1389
933 954
933 1499
933 1520
934 955
935 956
936 957
937 958
938 959
939 960
940 1005
941 962
941 1006
942 1007
942 1160
942 1225
943 964
943 1335
943 1400
944 965
944 1466
944 1531
945 966
946 968
947 969
948 970
949 971
950 1016
951 1017
952 1018
952 1083
952 1105
953 1019
953 1258
953 1324
954 976
954 1433
954 1455
955 977
955 999
956 978
957 979
958 980
959 981
960 982
961 1027
962 1028
963 1029
963 1094
963 1160
964 1030
964 1269
964 1335
965 987
965 1444
965 1466
966 988
966 1010
967 989
968 1011
969 990
970 991
971 992
972 993
973 1038
974 1018
974 1039
974 1083
975 1040
975 1193
975 1258
976 997
976 1368
976 1433
977 998
977 1564
978 999
979 1000
980 1001
981 1002
982 1003
983 1004
984 1049
985 1006
985 1029
985 1050
986 1051
986 1204
986 1269
987 1008
987 1379
987 1444
988 1009
988 1575
989 1010
990 1012
991 1013
992 1014
993 1015
994 1060
995 1061
996 1062
996 1127
996 1149
997 1063
997 1302
997 1368
998 1477
998 1499
998 1543
999 1021
1000 1022
1001 1023
1002 1024
1003 1025
1004 1026
1005 1071
1006 1072
1007 1073
1007 1138
1007 1204
1008 1074
1008 1313
1008 1379
1009 1031
1009 1488
1009 1510
1010 1032
1011 1033
1012 1055
1013 1034
1014 1035
1015 1036
1016 1037
1017 1082
1018 1039
1018 1083
1019 1084
1019 1237
1019 1302
1020 1041
1020 1085
1020 1412
1020 1477
1021 1042
1021 1564
1022 1043
1023 1044
1024 1045
1025 1046
1026 1047
1027 1048
1028 1093
1029 1050
1029 1094
1030 1095
1030 1248
1030 1313
1031 1423
1031 1488
1031 1510
1032 1053
1032 1575
1033 1054
1034 1056
1035 1057
1036 1058
1037 1059
1038 1104
1039 1105
1040 1106
1040 1171
1040 1193
1041 1107
1041 1346
1041 1412
1042 1521
1042 1543
1043 1065
1043 1108
1044 1066
1045 1067
1046 1068
1047 1069
1048 1070
1049 1115
1050 1116
1051 1117
1051 1182
1051 1248
1052 1074
1052 1118
1052 1357
1052 1423
1053 1532
1053 1554
1054 1076
1054 1119
1055 1077
1056 1099
1057 1078
1058 1079
1059 1080
1060 1081
1061 1126
1062 1106
1062 1127
1062 1171
1063 1128
1063 1281
1063 1346
1064 1085
1064 1129
1064 1456
1064 1521
1065 1086
1066 1087
1067 1088
1068 1089
1069 1090
1070 1091
1071 1092
1072 1137
1073 1094
1073 1117
1073 1138
1074 1292
1074 1357
1075 1096
1075 1467
1075 1532
1075 1554
1076 1097
1077 1098
1078 1100
1079 1101
1080 1102
1081 1103
1082 1148
1083 1149
1084 1150
1084 1215
1084 1237
1085 1390
1085 1456
1086 1565
1087 1109
1088 1110
1089 1111
1090 1112
1091 1113
1092 1114
1093 1159
1094 1160
1095 1161
1095 1226
1095 1292
1096 1162
1096 1401
1096 1467
1097 1576
1098 1120
1099 1121
1100 1143
1101 1122
1102 1123
1103 1124
1104 1125
1105 1170
1106 1127
1106 1171
1107 1172
1107 1325
1107 1390
1108 1500
1108 1565
1109 1130
1110 1131
1111 1132
1112 1133
1113 1134
1114 1135
1115 1136
1116 1181
1117 1138
1117 1182
1118 1183
1118 1336
1118 1401
1119 1511
1119 1576
1120 1141
1121 1142
1122 1144
1123 1145
1124 1146
1125 1147
1126 1192
1127 1193
1128 1194
1128 1259
1128 1281
1129 1195
1129 1434
1129 1500
1130 1152
1131 1153
1131 1283
1132 1154
1133 1155
1134 1156
1135 1157
1136 1158
1137 1203
1138 1204
1139 1205
1139 1226
1139 1270
1139 1336
1140 1162
1140 1206
1140 1445
1140 1511
1141 1163
1142 1164
1142 1294
1143 1165
1144 1187
1145 1166
1146 1167
1147 1168
1148 1169
1149 1214
1150 1194
1150 1215
1150 1259
1151 1216
1151 1303
1151 1369
1151 1434
1152 1544
1153 1174
1154 1175
1155 1176
1156 1177
1157 1178
1158 1179
1159 1180
1160 1225
1161 1182
1161 1205
1161 1226
1162 1380
1162 1445
1163 1555
1164 1185
1165 1186
1166 1188
1167 1189
1168 1190
1169 1191
1170 1236
1171 1237
1172 1238
1172 1303
1172 1325
1173 1195
1173 1239
1173 1478
1173 1544
1174 1196
1175 1197
1176 1198
1177 1199
1178 1200
1179 1201
1180 1202
1181 1247
1182 1248
1183 1249
1183 1314
1183 1380
1184 1206
1184 1250
1184 1489
1184 1555
1185 1207
1186 1208
1187 1209
1188 1231
1189 1210
1190 1211
1191 1212
1192 1213
1193 1258
1194 1215
1194 1259
1195 1413
1195 1478
1196 1217
1197 1218
1198 1219
1199 1220
1200 1221
1201 1222
1202 1223
1203 1224
1204 1269
1205 1249
1205 1270
1206 1424
1206 1489
1207 1228
1208 1229
1209 1230
1210 1232
1211 1233
1212 1234
1213 1235
1214 1280
1215 1281
1216 1282
1216 1347
1216 1369
1217 1522
1218 1240
1219 1241
1220 1242
1221 1243
1222 1244
1223 1245
1224 1246
1225 1291
1226 1292
1227 1293
1227 1314
1227 1358
1227 1424
1228 1533
1229 1251
1230 1252
1231 1253
1232 1275
1233 1254
1234 1255
1235 1256
1236 1257
1237 1302
1238 1282
1238 1303
1238 1347
1239 1304
1239 1457
1239 1522
1240 1261
1241 1262
1242 1263
1243 1264
1244 1265
1245 1266
1246 1267
1247 1268
1248 1313
1249 1270
1249 1314
1250 1315
1250 1468
1250 1533
1251 1272
1252 1273
1253 1274
1254 1276
1255 1277
1256 1278
1257 1279
1258 1324
1259 1325
1260 1326
1260 1391
1260 1413
1260 1457
1261 1566
1262 1284
1263 1285
1264 1286
1265 1287
1266 1288
1267 1289
1268 1290
1269 1335
1270 1336
1271 1337
1271 1358
1271 1402
1271 1468
1272 1577
1273 1295
1274 1296
1275 1297
1276 1319
1277 1298
1278 1299
1279 1300
1280 1301
1281 1346
1282 1326
1282 1347
1283 1501
1283 1566
1284 1305
1285 1306
1286 1307
1287 1308
1288 1309
1289 1310
1290 1311
1291 1312
1292 1357
1293 1337
1293 1358
1293 1402
1294 1512
1294 1577
1295 1316
1296 1317
1297 1318
1298 1320
1299 1321
1300 1322
1301 1323
1302 1368
1303 1369
1304 1370
1304 1435
1304 1501
1305 1371
1306 1328
1307 1329
1308 1330
1309 1331
1310 1332
1311 1333
1312 1334
1313 1379
1314 1380
1315 1381
1315 1446
1315 1512
1316 1382
1317 1339
1318 1340
1318 1537
1319 1341
1320 1363
1321 1342
1322 1343
1323 1344
1324 1345
1325 1390
1326 1370
1326 1391
1327 1545
1328 1349
1329 1350
1330 1351
1331 1352
1332 1353
1333 1354
1334 1355
1335 1356
1336 1401
1337 1381
1337 1402
1338 1556
1339 1360
1340 1361
1341 1362
1342 1364
1343 1365
1344 1366
1345 1367
1346 1412
1347 1413
1348 1370
1348 1414
1348 1435
1348 1479
1349 1415
1350 1372
1351 1373
1352 1374
1353 1375
1354 1376
1355 1377
1356 1378
1357 1423
1358 1424
1359 1381
1359 1425
1359 1446
1359 1490
1360 1426
1361 1383
1362 1384
1363 1385
1364 1407
1365 1386
1366 1387
1367 1388
1368 1389
1369 1434
1370 1435
1371 1436
1372 1393
1373 1394
1374 1395
1375 1396
1376 1397
1377 1398
1378 1399
1379 1400
1380 1445
1381 1446
1382 1447
1383 1404
1384 1405
1385 1406
1386 1408
1387 1409
1388 1410
1389 1411
1390 1456
1391 1414
1391 1457
1392 1458
1392 1479
1392 1523
1393 1459
1394 1416
1395 1417
1396 1418
1397 1419
1398 1420
1399 1421
1400 1422
1401 1467
1402 1468
1403 1469
1403 1490
1403 1534
1404 1470
1405 1427
1406 1428
1407 1429
1408 1451
1409 1430
1410 1431
1411 1432
1412 1433
1413 1478
1414 1479
1415 1480
1416 1437
1417 1438
1418 1439
1419 1440
1420 1441
1421 1442
1422 1443
1423 1444
1424 1489
1425 1490
1426 1491
1427 1448
1428 1449
1429 1450
1430 1452
1431 1453
1432 1454
1433 1455
1434 1500
1435 1501
1436 1502
1437 1503
1438 1460
1439 1461
1440 1462
1441 1463
1442 1464
1443 1465
1444 1466
1445 1511
1446 1512
1447 1513
1448 1514
1449 1471
1450 1472
1451 1473
1452 1495
1453 1474
1454 1475
1455 1476
1456 1477
1457 1522
1458 1523
1459 1524
1460 1481
1461 1482
1462 1483
1463 1484
1464 1485
1465 1486
1466 1487
1467 1488
1468 1533
1469 1534
1470 1535
1471 1492
1472 1493
1473 1494
1474 1496
1475 1497
1476 1498
1477 1499
1478 1544
1479 1545
1480 1546
1481 1547
1482 1504
1483 1505
1484 1506
1485 1507
1486 1508
1487 1509
1488 1510
1489 1555
1490 1556
1491 1557
1492 1558
1493 1515
1494 1516
1495 1517
1496 1539
1497 1518
1498 1519
1499 1520
1500 1521
1501 1566
1502 1567
1503 1568
1504 1525
1505 1526
1506 1527
1507 1528
1508 1529
1509 1530
1510 1531
1511 1532
1512 1577
1513 1578
1514 1579
1515 1536
1516 1537
1517 1538
1518 1540
1519 1541
1520 1542
1521 1543
1522 1544
1523 1545
1524 1546
1525 1547
1526 1548
1527 1549
1528 1550
1529 1551
1530 1552
1531 1553
1532 1554
1533 1555
1534 1556
1535 1557
1536 1558
1537 1559
1538 1560
1539 1561
1540 1583
1541 1562
1542 1563
1543 1564
1544 1565
1545 1566
1546 1567
1547 1568
1548 1569
1549 1570
1550 1571
1551 1572
1552 1573
1553 1574
1554 1575
1555 1576
1556 1577
1557 1578
1558 1579
1559 1580
1560 1581
1561 1582
1562 1583
1563 1564
1564 1565
1565 1566
1566 1567
1567 1568
1568 1569
1569 1570
1570 1571
1571 1572
1572 1573
1573 1574
1574 1575
1575 1576
1576 1577
1577 1578
1578 1579
1579 1580
1580 1581
1581 1582
1582 1583
