0 43
0 781
0 803
0 824
1 22
1 868
1 890
1 911
2 23
2 955
2 977
2 1021
3 24
3 1086
3 1108
3 1129
4 1217
4 1239
4 1283
4 1304
5 70
5 1436
5 1458
5 1523
6 71
6 137
6 158
6 1524
7 72
7 290
7 312
7 356
8 29
8 465
8 487
8 508
9 30
9 596
9 618
9 639
10 31
10 683
10 705
10 726
11 32
11 770
11 792
11 835
12 33
12 879
12 901
12 922
13 34
13 966
13 988
13 1032
14 35
14 1097
14 1119
14 1140
15 1228
15 1250
15 1294
15 1315
16 81
16 1447
16 1469
16 1534
17 82
17 148
17 169
17 1535
18 83
18 301
18 323
18 367
19 40
19 476
19 498
19 519
20 41
20 607
20 629
20 650
21 42
21 694
21 716
21 737
22 44
22 847
22 868
23 45
23 934
23 955
24 46
24 1042
24 1108
25 1152
25 1173
25 1217
25 1239
26 1327
26 1392
26 1458
26 1545
27 93
27 158
27 1480
27 1546
28 94
28 159
28 181
28 246
29 51
29 400
29 421
30 531
30 552
30 596
31 53
31 662
31 683
32 54
32 749
32 770
33 55
33 836
33 879
34 56
34 945
34 966
35 57
35 1053
35 1097
36 1163
36 1184
36 1228
36 1250
37 1338
37 1403
37 1469
37 1556
38 104
38 169
38 1491
38 1557
39 105
39 170
39 192
39 257
40 62
40 411
40 432
41 63
41 542
41 563
42 64
42 673
42 694
43 65
43 760
43 781
44 87
44 825
44 847
45 66
45 912
45 934
46 67
46 999
46 1021
47 68
47 1130
47 1152
47 1173
48 1261
48 1283
48 1327
48 1348
49 70
49 114
49 1502
49 1567
50 115
50 181
50 202
50 246
51 116
51 334
51 356
52 73
52 509
52 531
52 552
53 74
53 640
53 662
54 75
54 727
54 749
55 76
55 814
55 836
56 77
56 923
56 945
57 78
57 1010
57 1032
58 79
58 1141
58 1163
58 1184
59 1272
59 1294
59 1338
59 1359
60 81
60 125
60 1513
60 1578
61 126
61 148
61 192
61 213
62 127
62 345
62 367
63 84
63 520
63 542
64 85
64 651
64 673
65 86
65 738
65 760
66 88
66 891
66 912
67 89
67 978
67 999
68 90
68 1065
68 1086
69 91
69 135
69 1196
69 1261
70 1371
70 1436
71 137
71 158
71 202
72 138
72 225
72 290
73 95
73 444
73 465
74 96
74 575
74 640
75 97
75 706
75 727
76 98
76 793
76 814
77 99
77 880
77 923
78 100
78 989
78 1010
79 101
79 1076
79 1141
80 102
80 1207
80 1251
80 1272
81 1382
81 1447
82 148
82 169
82 213
83 149
83 236
83 301
84 106
84 455
84 476
85 107
85 586
85 607
86 108
86 717
86 738
87 109
87 804
87 825
88 131
88 869
88 891
89 110
89 956
89 978
90 111
90 1043
90 1065
91 112
91 1174
91 1196
92 113
92 1305
92 1371
92 1392
93 114
93 1459
93 1546
94 115
94 159
94 225
95 160
95 378
95 400
96 117
96 553
96 575
97 118
97 684
97 706
98 119
98 771
98 793
99 120
99 858
99 880
100 121
100 967
100 989
101 122
101 1054
101 1076
102 123
102 1185
102 1207
103 124
103 1316
103 1382
103 1403
104 125
104 1470
104 1557
105 170
105 236
105 257
106 171
106 389
106 411
107 128
107 564
107 586
108 129
108 695
108 717
109 130
109 782
109 804
110 132
110 935
110 956
111 133
111 1022
111 1043
112 134
112 1109
112 1130
113 135
113 1240
113 1305
114 1415
114 1480
115 137
115 181
116 182
116 269
116 334
117 139
117 488
117 509
118 140
118 619
118 684
119 141
119 750
119 771
120 142
120 837
120 858
121 143
121 924
121 967
122 144
122 1033
122 1054
123 145
123 1120
123 1185
124 146
124 1295
124 1316
125 1426
125 1491
126 170
126 192
126 279
127 193
127 280
127 345
128 150
128 499
128 520
129 151
129 630
129 651
130 152
130 761
130 782
131 153
131 848
131 869
132 175
132 913
132 935
133 154
133 1000
133 1022
134 155
134 1087
134 1109
135 1218
135 1240
136 157
136 201
136 1349
136 1415
137 202
138 159
138 203
138 269
139 204
139 422
139 444
140 161
140 597
140 619
141 162
141 728
141 750
142 163
142 815
142 837
143 164
143 902
143 924
144 165
144 1011
144 1033
145 166
145 1098
145 1120
146 167
146 1229
146 1251
147 168
147 1360
147 1426
147 1513
148 213
149 193
149 214
149 280
150 215
150 433
150 455
151 172
151 608
151 630
152 173
152 739
152 761
153 174
153 826
153 848
154 176
154 979
154 1000
155 177
155 1066
155 1087
156 178
156 1153
156 1174
156 1197
157 179
157 1284
157 1349
158 1524
159 225
160 226
160 313
160 378
161 183
161 532
161 553
162 184
162 663
162 728
163 185
163 794
163 815
164 186
164 881
164 902
165 187
165 968
165 1011
166 188
166 1077
166 1098
167 189
167 1164
167 1229
168 190
168 1339
168 1360
169 1535
170 236
171 237
171 324
171 389
172 194
172 543
172 564
173 195
173 674
173 695
174 196
174 805
174 826
175 197
175 892
175 913
176 219
176 957
176 979
177 198
177 1044
177 1066
178 199
178 1131
178 1153
179 200
179 1262
179 1284
180 201
180 245
180 1393
180 1459
181 246
182 203
182 247
182 313
183 248
183 466
183 488
184 205
184 641
184 663
185 206
185 772
185 794
186 207
186 859
186 881
187 208
187 946
187 968
188 209
188 1055
188 1077
189 210
189 1142
189 1164
190 211
190 1273
190 1295
191 212
191 256
191 1404
191 1470
192 257
193 258
193 324
194 259
194 477
194 499
195 216
195 652
195 674
196 217
196 783
196 805
197 218
197 870
197 892
198 220
198 1023
198 1044
199 221
199 1110
199 1131
200 222
200 1218
200 1241
201 1328
201 1393
202 1568
203 247
203 269
204 270
204 357
204 422
205 227
205 576
205 597
206 228
206 707
206 772
207 229
207 838
207 859
208 230
208 925
208 946
209 231
209 1012
209 1055
210 232
210 1121
210 1142
211 233
211 1208
211 1273
212 234
212 1383
212 1404
213 1579
214 258
214 280
214 323
215 281
215 368
215 433
216 238
216 587
216 608
217 239
217 718
217 739
218 240
218 849
218 870
219 241
219 936
219 957
220 263
220 1001
220 1023
221 242
221 1088
221 1110
222 243
222 1175
222 1197
223 244
223 267
223 1306
223 1328
224 245
224 289
224 1437
224 1503
225 290
226 247
226 291
226 357
227 292
227 510
227 532
228 249
228 685
228 707
229 250
229 816
229 838
230 251
230 903
230 925
231 252
231 990
231 1012
232 253
232 1099
232 1121
233 254
233 1186
233 1208
234 255
234 1317
234 1339
235 256
235 300
235 1448
235 1514
236 301
237 258
237 302
237 368
238 303
238 521
238 543
239 260
239 696
239 718
240 261
240 827
240 849
241 262
241 914
241 936
242 264
242 1067
242 1088
243 265
243 1154
243 1175
244 266
244 1262
244 1285
245 1372
245 1437
246 1547
247 313
248 314
248 401
248 466
249 271
249 620
249 641
250 272
250 751
250 816
251 273
251 882
251 903
252 274
252 969
252 990
253 275
253 1056
253 1099
254 276
254 1165
254 1186
255 277
255 1252
255 1317
256 278
256 1448
257 1558
258 324
259 325
259 412
259 477
260 282
260 631
260 652
261 283
261 762
261 783
262 284
262 893
262 914
263 285
263 980
263 1001
264 307
264 1045
264 1067
265 286
265 1132
265 1154
266 287
266 1219
266 1241
267 288
267 1350
267 1372
268 289
268 1481
268 1503
268 1547
269 334
270 291
270 335
270 401
271 336
271 554
271 576
272 293
272 729
272 751
273 294
273 860
273 882
274 295
274 947
274 969
275 296
275 1034
275 1056
276 297
276 1143
276 1165
277 298
277 1230
277 1252
278 299
278 1361
278 1383
279 1492
279 1514
279 1558
280 345
281 302
281 346
281 412
282 347
282 565
282 587
283 304
283 740
283 762
284 305
284 871
284 893
285 306
285 958
285 980
286 308
286 1111
286 1132
287 309
287 1198
287 1219
288 310
288 1306
288 1329
289 1416
289 1481
290 356
291 335
291 357
292 358
292 445
292 510
293 315
293 664
293 685
294 316
294 795
294 860
295 317
295 926
295 947
296 318
296 1013
296 1034
297 319
297 1100
297 1143
298 320
298 1209
298 1230
299 321
299 1296
299 1361
300 322
300 1427
300 1492
301 367
302 346
302 368
303 369
303 456
303 521
304 326
304 675
304 696
305 327
305 806
305 827
306 328
306 937
306 958
307 329
307 1024
307 1045
308 351
308 1089
308 1111
309 330
309 1176
309 1198
310 331
310 1263
310 1285
311 332
311 355
311 1394
311 1416
312 333
312 1525
312 1547
313 378
314 335
314 379
314 445
315 380
315 598
315 620
316 337
316 773
316 795
317 338
317 904
317 926
318 339
318 991
318 1013
319 340
319 1078
319 1100
320 341
320 1187
320 1209
321 342
321 1274
321 1296
322 343
322 1405
322 1427
323 1536
323 1558
324 389
325 346
325 390
325 456
326 391
326 609
326 631
327 348
327 784
327 806
328 349
328 915
328 937
329 350
329 1002
329 1024
330 352
330 1155
330 1176
331 353
331 1242
331 1263
332 354
332 1350
332 1373
333 355
333 1460
333 1525
334 400
335 401
336 402
336 489
336 554
337 359
337 708
337 729
338 360
338 839
338 904
339 361
339 970
339 991
340 362
340 1057
340 1078
341 363
341 1144
341 1187
342 364
342 1253
342 1274
343 365
343 1340
343 1405
344 366
344 1471
344 1515
344 1536
345 411
346 412
347 413
347 500
347 565
348 370
348 719
348 740
349 371
349 850
349 871
350 372
350 981
350 1002
351 373
351 1068
351 1089
352 395
352 1133
352 1155
353 374
353 1220
353 1242
354 375
354 1307
354 1329
355 1438
355 1460
356 1569
357 422
358 379
358 423
358 489
359 424
359 642
359 664
360 381
360 817
360 839
361 382
361 948
361 970
362 383
362 1035
362 1057
363 384
363 1122
363 1144
364 385
364 1231
364 1253
365 386
365 1318
365 1340
366 387
366 1449
366 1471
367 1580
368 433
369 390
369 434
369 500
370 435
370 653
370 675
371 392
371 828
371 850
372 393
372 959
372 981
373 394
373 1046
373 1068
374 396
374 1199
374 1220
375 397
375 1286
375 1307
376 398
376 420
376 1394
376 1417
377 399
377 443
377 1504
377 1569
378 444
379 423
379 445
380 446
380 533
380 598
381 403
381 752
381 773
382 404
382 883
382 948
383 405
383 1014
383 1035
384 406
384 1101
384 1122
385 407
385 1188
385 1231
386 408
386 1297
386 1318
387 409
387 1384
387 1449
388 410
388 454
388 1559
388 1580
389 455
390 434
390 456
391 457
391 544
391 609
392 414
392 763
392 784
393 415
393 894
393 915
394 416
394 1025
394 1046
395 417
395 1112
395 1133
396 439
396 1177
396 1199
397 418
397 1264
397 1286
398 419
398 1351
398 1373
399 420
399 1482
399 1504
400 421
401 466
402 423
402 467
402 533
403 468
403 686
403 708
404 425
404 861
404 883
405 426
405 992
405 1014
406 427
406 1079
406 1101
407 428
407 1166
407 1188
408 429
408 1275
408 1297
409 430
409 1362
409 1384
410 431
410 1493
410 1515
411 432
412 477
413 434
413 478
413 544
414 479
414 697
414 719
415 436
415 872
415 894
416 437
416 1003
416 1025
417 438
417 1090
417 1112
418 440
418 1243
418 1264
419 441
419 1330
419 1351
420 442
420 1438
421 1548
421 1569
422 488
423 489
424 490
424 577
424 642
425 447
425 796
425 817
426 448
426 927
426 992
427 449
427 1058
427 1079
428 450
428 1145
428 1166
429 451
429 1232
429 1275
430 452
430 1341
430 1362
431 453
431 1428
431 1493
432 454
432 1580
433 499
434 500
435 501
435 588
435 653
436 458
436 807
436 828
437 459
437 938
437 959
438 460
438 1069
438 1090
439 461
439 1156
439 1177
440 483
440 1221
440 1243
441 462
441 1308
441 1330
442 463
442 1395
442 1417
443 464
443 1526
443 1548
444 465
445 510
446 467
446 511
446 577
447 512
447 730
447 752
448 469
448 905
448 927
449 470
449 1036
449 1058
450 471
450 1123
450 1145
451 472
451 1210
451 1232
452 473
452 1319
452 1341
453 474
453 1406
453 1428
454 1537
454 1559
455 476
456 521
457 478
457 522
457 588
458 523
458 741
458 763
459 480
459 916
459 938
460 481
460 1047
460 1069
461 482
461 1134
461 1156
462 484
462 1287
462 1308
463 485
463 1374
463 1395
464 486
464 1461
464 1482
465 487
466 532
467 511
467 533
468 534
468 621
468 686
469 491
469 840
469 861
470 492
470 971
470 1036
471 493
471 1102
471 1123
472 494
472 1189
472 1210
473 495
473 1276
473 1319
474 496
474 1385
474 1406
475 497
475 1472
475 1516
475 1537
476 498
477 543
478 522
478 544
479 545
479 632
479 697
480 502
480 851
480 872
481 503
481 982
481 1003
482 504
482 1113
482 1134
483 505
483 1200
483 1221
484 527
484 1265
484 1287
485 506
485 1352
485 1374
486 507
486 1439
486 1461
487 508
487 1570
488 509
489 554
490 511
490 555
490 621
491 556
491 774
491 796
492 513
492 949
492 971
493 514
493 1080
493 1102
494 515
494 1167
494 1189
495 516
495 1254
495 1276
496 517
496 1363
496 1385
497 518
497 1450
497 1472
498 519
498 1581
499 520
500 565
501 522
501 566
501 632
502 567
502 785
502 807
503 524
503 960
503 982
504 525
504 1091
504 1113
505 526
505 1178
505 1200
506 528
506 1331
506 1352
507 529
507 1418
507 1439
508 530
508 1526
509 531
510 576
511 577
512 578
512 665
512 730
513 535
513 884
513 905
514 536
514 1015
514 1080
515 537
515 1146
515 1167
516 538
516 1233
516 1254
517 539
517 1320
517 1363
518 540
518 1429
518 1450
519 541
519 1581
520 542
521 587
522 588
523 589
523 676
523 741
524 546
524 895
524 916
525 547
525 1026
525 1047
526 548
526 1157
526 1178
527 549
527 1244
527 1265
528 571
528 1309
528 1331
529 550
529 1396
529 1418
530 551
530 1483
530 1505
531 552
532 553
533 598
534 555
534 599
534 665
535 600
535 818
535 840
536 557
536 993
536 1015
537 558
537 1124
537 1146
538 559
538 1211
538 1233
539 560
539 1298
539 1320
540 561
540 1407
540 1429
541 562
541 1494
541 1516
542 563
543 564
544 609
545 566
545 610
545 676
546 611
546 829
546 851
547 568
547 1004
547 1026
548 569
548 1135
548 1157
549 570
549 1222
549 1244
550 572
550 1375
550 1396
551 573
551 1462
551 1483
552 1570
553 575
554 620
555 599
555 621
556 622
556 709
556 774
557 579
557 928
557 949
558 580
558 1059
558 1124
559 581
559 1190
559 1211
560 582
560 1277
560 1298
561 583
561 1364
561 1407
562 584
562 1473
562 1494
563 585
563 1581
564 586
565 631
566 610
566 632
567 633
567 720
567 785
568 590
568 939
568 960
569 591
569 1070
569 1091
570 592
570 1201
570 1222
571 593
571 1288
571 1309
572 615
572 1353
572 1375
573 594
573 1440
573 1462
574 595
574 618
574 1527
574 1549
575 596
576 597
577 642
578 599
578 643
578 709
579 644
579 862
579 884
580 601
580 1037
580 1059
581 602
581 1168
581 1190
582 603
582 1255
582 1277
583 604
583 1342
583 1364
584 605
584 1451
584 1473
585 606
585 1538
585 1560
586 607
587 608
588 653
589 610
589 654
589 720
590 655
590 873
590 895
591 612
591 1048
591 1070
592 613
592 1179
592 1201
593 614
593 1266
593 1288
594 616
594 1419
594 1440
595 617
595 1506
595 1527
596 618
597 619
598 664
599 665
600 666
600 753
600 818
601 623
601 972
601 993
602 624
602 1103
602 1168
603 625
603 1234
603 1255
604 626
604 1321
604 1342
605 627
605 1408
605 1451
606 628
606 1517
606 1538
607 629
608 630
609 675
610 676
611 677
611 764
611 829
612 634
612 983
612 1004
613 635
613 1114
613 1135
614 636
614 1245
614 1266
615 637
615 1332
615 1353
616 659
616 1397
616 1419
617 638
617 1484
617 1506
618 1571
619 640
620 641
621 686
622 643
622 687
622 753
623 688
623 906
623 928
624 645
624 1081
624 1103
625 646
625 1212
625 1234
626 647
626 1299
626 1321
627 648
627 1386
627 1408
628 649
628 1495
628 1517
629 650
629 1582
630 651
631 652
632 697
633 654
633 698
633 764
634 699
634 917
634 939
635 656
635 1092
635 1114
636 657
636 1223
636 1245
637 658
637 1310
637 1332
638 660
638 1463
638 1484
639 661
639 1550
639 1571
640 662
641 663
642 708
643 687
643 709
644 710
644 797
644 862
645 667
645 1016
645 1037
646 668
646 1147
646 1212
647 669
647 1278
647 1299
648 670
648 1365
648 1386
649 671
649 1452
649 1495
650 1561
650 1582
651 673
652 674
653 719
654 698
654 720
655 721
655 808
655 873
656 678
656 1027
656 1048
657 679
657 1158
657 1179
658 680
658 1289
658 1310
659 681
659 1376
659 1397
660 703
660 1441
660 1463
661 682
661 1528
661 1550
662 683
663 684
664 685
665 730
666 687
666 731
666 797
667 732
667 950
667 972
668 689
668 1125
668 1147
669 690
669 1256
669 1278
670 691
670 1343
670 1365
671 692
671 1430
671 1452
672 693
672 716
672 1539
672 1561
673 694
674 695
675 696
676 741
677 698
677 742
677 808
678 743
678 961
678 983
679 700
679 1136
679 1158
680 701
680 1267
680 1289
681 702
681 1354
681 1376
682 704
682 1507
682 1528
683 705
684 706
685 707
686 752
687 753
688 754
688 841
688 906
689 711
689 1060
689 1081
690 712
690 1191
690 1256
691 713
691 1322
691 1343
692 714
692 1409
692 1430
693 715
693 1496
693 1539
694 716
695 717
696 718
697 763
698 764
699 765
699 852
699 917
700 722
700 1071
700 1092
701 723
701 1202
701 1223
702 724
702 1333
702 1354
703 725
703 1420
703 1441
704 747
704 1485
704 1507
705 726
705 1572
706 727
707 728
708 729
709 774
710 731
710 775
710 841
711 776
711 994
711 1016
712 733
712 1169
712 1191
713 734
713 1300
713 1322
714 735
714 1387
714 1409
715 736
715 1474
715 1496
716 1583
717 738
718 739
719 740
720 785
721 742
721 786
721 852
722 787
722 1005
722 1027
723 744
723 1180
723 1202
724 745
724 1311
724 1333
725 746
725 1398
725 1420
726 1551
726 1572
727 749
728 750
729 751
730 796
731 775
731 797
732 798
732 885
732 950
733 755
733 1104
733 1125
734 756
734 1235
734 1300
735 757
735 1366
735 1387
736 758
736 1453
736 1474
737 759
737 1540
737 1583
738 760
739 761
740 762
741 807
742 786
742 808
743 809
743 896
743 961
744 766
744 1115
744 1136
745 767
745 1246
745 1267
746 768
746 1377
746 1398
747 769
747 1464
747 1485
748 791
748 792
748 1529
748 1551
749 770
750 771
751 772
752 773
753 818
754 775
754 819
754 885
755 820
755 1038
755 1060
756 777
756 1213
756 1235
757 778
757 1344
757 1366
758 779
758 1431
758 1453
759 780
759 1518
759 1540
760 781
761 782
762 783
763 784
764 829
765 786
765 830
765 896
766 831
766 1049
766 1071
767 788
767 1224
767 1246
768 789
768 1355
768 1377
769 790
769 1442
769 1464
770 792
771 793
772 794
773 795
774 840
775 841
776 842
776 929
776 994
777 799
777 1148
777 1169
778 800
778 1279
778 1344
779 801
779 1410
779 1431
780 802
780 1497
780 1518
781 803
782 804
783 805
784 806
785 851
786 852
787 853
787 940
787 1005
788 810
788 1159
788 1180
789 811
789 1290
789 1311
790 812
790 1421
790 1442
791 813
791 1508
791 1529
792 1573
793 814
794 815
795 816
796 817
797 862
798 819
798 863
798 929
799 864
799 1082
799 1104
800 821
800 1257
800 1279
801 822
801 1388
801 1410
802 823
802 1475
802 1497
803 824
803 1562
804 825
805 826
806 827
807 828
808 873
809 830
809 874
809 940
810 875
810 1093
810 1115
811 832
811 1268
811 1290
812 833
812 1399
812 1421
813 834
813 1486
813 1508
814 836
815 837
816 838
817 839
818 884
819 863
819 885
820 886
820 973
820 1038
821 843
821 1192
821 1213
822 844
822 1323
822 1388
823 845
823 1454
823 1475
824 1541
824 1562
825 847
826 848
827 849
828 850
829 895
830 874
830 896
831 897
831 984
831 1049
832 854
832 1203
832 1224
833 855
833 1334
833 1355
834 856
834 1465
834 1486
835 857
835 1552
835 1573
836 879
837 858
838 859
839 860
840 861
841 906
842 863
842 907
842 973
843 908
843 1126
843 1148
844 865
844 1301
844 1323
845 866
845 1432
845 1454
846 867
846 890
846 1519
846 1541
847 868
848 869
849 870
850 871
851 872
852 917
853 874
853 918
853 984
854 919
854 1137
854 1159
855 876
855 1312
855 1334
856 877
856 1443
856 1465
857 878
857 1530
857 1552
858 880
859 881
860 882
861 883
862 928
863 929
864 930
864 1017
864 1082
865 887
865 1236
865 1257
866 888
866 1367
866 1432
867 889
867 1498
867 1519
868 890
869 891
870 892
871 893
872 894
873 939
874 940
875 941
875 1028
875 1093
876 898
876 1247
876 1268
877 899
877 1378
877 1399
878 900
878 1509
878 1530
879 901
880 923
881 902
882 903
883 904
884 905
885 950
886 907
886 951
886 1017
887 952
887 1170
887 1192
888 909
888 1345
888 1367
889 910
889 1476
889 1498
890 1563
891 912
892 913
893 914
894 915
895 916
896 961
897 918
897 962
897 1028
898 963
898 1181
898 1203
899 920
899 1356
899 1378
900 921
900 1487
900 1509
901 922
901 1574
902 924
903 925
904 926
905 927
906 972
907 951
907 973
908 974
908 1061
908 1126
909 931
909 1280
909 1301
910 932
910 1411
910 1476
911 933
911 1542
911 1563
912 934
913 935
914 936
915 937
916 938
917 983
918 962
918 984
919 985
919 1072
919 1137
920 942
920 1291
920 1312
921 943
921 1422
921 1443
922 1553
922 1574
923 945
924 967
925 946
926 947
927 948
928 949
929 994
930 951
930 995
930 1061
931 996
931 1214
931 1236
932 953
932 1389
932 1411
933 954
933 1520
933 1542
934 955
935 956
936 957
937 958
938 959
939 960
940 1005
941 962
941 1006
941 1072
942 1007
942 1225
942 1247
943 964
943 1400
943 1422
944 965
944 988
944 1531
944 1553
945 966
946 968
947 969
948 970
949 971
950 1016
951 1017
952 1018
952 1105
952 1170
953 975
953 1324
953 1345
954 976
954 1455
954 1520
955 977
956 978
957 979
958 980
959 981
960 982
961 1027
962 1028
963 1029
963 1116
963 1181
964 986
964 1335
964 1356
965 987
965 1466
965 1487
966 988
967 989
968 1011
969 990
970 991
971 992
972 993
973 1038
974 995
974 1039
974 1105
975 1040
975 1258
975 1280
976 997
976 1433
976 1455
977 998
977 1042
978 999
979 1000
980 1001
981 1002
982 1003
983 1004
984 1049
985 1006
985 1050
985 1116
986 1051
986 1269
986 1291
987 1008
987 1444
987 1466
988 1009
989 1010
990 1012
991 1013
992 1014
993 1015
994 1060
995 1039
995 1061
996 1062
996 1149
996 1214
997 1019
997 1368
997 1389
998 1020
998 1499
998 1564
999 1021
1000 1022
1001 1023
1002 1024
1003 1025
1004 1026
1005 1071
1006 1050
1006 1072
1007 1073
1007 1160
1007 1225
1008 1030
1008 1379
1008 1400
1009 1031
1009 1510
1009 1531
1010 1032
1011 1033
1012 1055
1013 1034
1014 1035
1015 1036
1016 1037
1017 1082
1018 1039
1018 1083
1018 1149
1019 1084
1019 1302
1019 1324
1020 1041
1020 1477
1020 1499
1021 1042
1022 1043
1023 1044
1024 1045
1025 1046
1026 1047
1027 1048
1028 1093
1029 1050
1029 1094
1029 1160
1030 1095
1030 1313
1030 1335
1031 1052
1031 1488
1031 1510
1032 1053
1033 1054
1034 1056
1035 1057
1036 1058
1037 1059
1038 1104
1039 1105
1040 1106
1040 1193
1040 1258
1041 1063
1041 1412
1041 1433
1042 1564
1043 1065
1044 1066
1045 1067
1046 1068
1047 1069
1048 1070
1049 1115
1050 1116
1051 1117
1051 1204
1051 1269
1052 1074
1052 1423
1052 1444
1053 1554
1053 1575
1054 1076
1055 1077
1056 1099
1057 1078
1058 1079
1059 1080
1060 1081
1061 1126
1062 1083
1062 1127
1062 1193
1063 1128
1063 1346
1063 1368
1064 1085
1064 1129
1064 1521
1064 1543
1065 1086
1066 1087
1067 1088
1068 1089
1069 1090
1070 1091
1071 1092
1072 1137
1073 1094
1073 1138
1073 1204
1074 1139
1074 1357
1074 1379
1075 1096
1075 1140
1075 1532
1075 1554
1076 1097
1077 1098
1078 1100
1079 1101
1080 1102
1081 1103
1082 1148
1083 1127
1083 1149
1084 1150
1084 1237
1084 1302
1085 1107
1085 1456
1085 1477
1086 1108
1087 1109
1088 1110
1089 1111
1090 1112
1091 1113
1092 1114
1093 1159
1094 1138
1094 1160
1095 1161
1095 1248
1095 1313
1096 1118
1096 1467
1096 1488
1097 1119
1098 1120
1099 1121
1100 1143
1101 1122
1102 1123
1103 1124
1104 1125
1105 1170
1106 1127
1106 1171
1106 1237
1107 1172
1107 1390
1107 1412
1108 1565
1109 1130
1110 1131
1111 1132
1112 1133
1113 1134
1114 1135
1115 1136
1116 1181
1117 1138
1117 1182
1117 1248
1118 1183
1118 1401
1118 1423
1119 1140
1119 1576
1120 1141
1121 1142
1122 1144
1123 1145
1124 1146
1125 1147
1126 1192
1127 1193
1128 1194
1128 1281
1128 1346
1129 1500
1129 1521
1130 1152
1131 1153
1132 1154
1133 1155
1134 1156
1135 1157
1136 1158
1137 1203
1138 1204
1139 1205
1139 1292
1139 1357
1140 1532
1141 1163
1142 1164
1143 1165
1144 1187
1145 1166
1146 1167
1147 1168
1148 1169
1149 1214
1150 1171
1150 1215
1150 1281
1151 1172
1151 1216
1151 1434
1151 1456
1152 1173
1153 1174
1154 1175
1155 1176
1156 1177
1157 1178
1158 1179
1159 1180
1160 1225
1161 1182
1161 1226
1161 1292
1162 1227
1162 1445
1162 1467
1162 1511
1163 1184
1164 1185
1165 1186
1166 1188
1167 1189
1168 1190
1169 1191
1170 1236
1171 1215
1171 1237
1172 1238
1172 1390
1173 1565
1174 1196
1175 1197
1176 1198
1177 1199
1178 1200
1179 1201
1180 1202
1181 1247
1182 1226
1182 1248
1183 1249
1183 1336
1183 1401
1184 1576
1185 1207
1186 1208
1187 1209
1188 1231
1189 1210
1190 1211
1191 1212
1192 1213
1193 1258
1194 1215
1194 1259
1194 1325
1195 1216
1195 1260
1195 1478
1195 1500
1196 1217
1197 1218
1198 1219
1199 1220
1200 1221
1201 1222
1202 1223
1203 1224
1204 1269
1205 1226
1205 1270
1205 1336
1206 1227
1206 1271
1206 1489
1206 1511
1207 1228
1208 1229
1209 1230
1210 1232
1211 1233
1212 1234
1213 1235
1214 1280
1215 1281
1216 1282
1216 1434
1217 1239
1218 1240
1219 1241
1220 1242
1221 1243
1222 1244
1223 1245
1224 1246
1225 1291
1226 1292
1227 1293
1227 1445
1228 1250
1229 1251
1230 1252
1231 1253
1232 1275
1233 1254
1234 1255
1235 1256
1236 1257
1237 1302
1238 1303
1238 1325
1238 1369
1239 1544
1240 1261
1241 1262
1242 1263
1243 1264
1244 1265
1245 1266
1246 1267
1247 1268
1248 1313
1249 1270
1249 1314
1249 1380
1250 1555
1251 1272
1252 1273
1253 1274
1254 1276
1255 1277
1256 1278
1257 1279
1258 1324
1259 1303
1259 1325
1259 1369
1260 1326
1260 1413
1260 1478
1261 1283
1262 1284
1263 1285
1264 1286
1265 1287
1266 1288
1267 1289
1268 1290
1269 1335
1270 1314
1270 1336
1271 1337
1271 1424
1271 1489
1272 1294
1273 1295
1274 1296
1275 1297
1276 1319
1277 1298
1278 1299
1279 1300
1280 1301
1281 1346
1282 1303
1282 1347
1282 1413
1283 1566
1284 1305
1285 1306
1286 1307
1287 1308
1288 1309
1289 1310
1290 1311
1291 1312
1292 1357
1293 1358
1293 1380
1293 1424
1294 1577
1295 1316
1296 1317
1297 1318
1298 1320
1299 1321
1300 1322
1301 1323
1302 1368
1303 1369
1304 1370
1304 1457
1304 1522
1305 1327
1306 1328
1307 1329
1308 1330
1309 1331
1310 1332
1311 1333
1312 1334
1313 1379
1314 1358
1314 1380
1315 1381
1315 1468
1315 1533
1316 1338
1317 1339
1318 1340
1319 1341
1320 1363
1321 1342
1322 1343
1323 1344
1324 1345
1325 1390
1326 1391
1326 1457
1326 1522
1327 1392
1328 1349
1329 1350
1330 1351
1331 1352
1332 1353
1333 1354
1334 1355
1335 1356
1336 1401
1337 1402
1337 1468
1337 1533
1338 1403
1339 1360
1340 1361
1341 1362
1342 1364
1343 1365
1344 1366
1345 1367
1346 1412
1347 1370
1347 1391
1347 1413
1348 1414
1348 1501
1348 1566
1349 1371
1350 1372
1351 1373
1352 1374
1353 1375
1354 1376
1355 1377
1356 1378
1357 1423
1358 1402
1358 1424
1359 1425
1359 1512
1359 1577
1360 1382
1361 1383
1362 1384
1363 1385
1364 1407
1365 1386
1366 1387
1367 1388
1368 1389
1369 1434
1370 1435
1370 1501
1371 1436
1372 1393
1373 1394
1374 1395
1375 1396
1376 1397
1377 1398
1378 1399
1379 1400
1380 1445
1381 1402
1381 1446
1381 1512
1382 1447
1383 1404
1384 1405
1385 1406
1386 1408
1387 1409
1388 1410
1389 1411
1390 1456
1391 1435
1391 1457
1392 1458
1393 1415
1394 1416
1395 1417
1396 1418
1397 1419
1398 1420
1399 1421
1400 1422
1401 1467
1402 1468
1403 1469
1404 1426
1405 1427
1406 1428
1407 1429
1408 1451
1409 1430
1410 1431
1411 1432
1412 1433
1413 1478
1414 1435
1414 1479
1414 1523
1415 1480
1416 1437
1417 1438
1418 1439
1419 1440
1420 1441
1421 1442
1422 1443
1423 1444
1424 1489
1425 1446
1425 1490
1425 1534
1426 1491
1427 1448
1428 1449
1429 1450
1430 1452
1431 1453
1432 1454
1433 1455
1434 1500
1435 1501
1436 1502
1437 1459
1438 1460
1439 1461
1440 1462
1441 1463
1442 1464
1443 1465
1444 1466
1445 1511
1446 1490
1446 1512
1447 1513
1448 1470
1449 1471
1450 1472
1451 1473
1452 1495
1453 1474
1454 1475
1455 1476
1456 1477
1457 1522
1458 1523
1459 1524
1460 1481
1461 1482
1462 1483
1463 1484
1464 1485
1465 1486
1466 1487
1467 1488
1468 1533
1469 1534
1470 1535
1471 1492
1472 1493
1473 1494
1474 1496
1475 1497
1476 1498
1477 1499
1478 1544
1479 1502
1479 1543
1479 1545
1480 1546
1481 1503
1482 1504
1483 1505
1484 1506
1485 1507
1486 1508
1487 1509
1488 1510
1489 1555
1490 1556
1491 1557
1492 1514
1493 1515
1494 1516
1495 1517
1496 1539
1497 1518
1498 1519
1499 1520
1500 1521
1501 1566
1502 1567
1503 1568
1504 1525
1505 1526
1505 1549
1506 1527
1507 1528
1508 1529
1509 1530
1510 1531
1511 1532
1512 1577
1513 1578
1514 1579
1515 1536
1516 1537
1517 1538
1518 1540
1519 1541
1520 1542
1521 1543
1522 1544
1523 1545
1524 1546
1525 1547
1526 1548
1527 1549
1528 1550
1529 1551
1530 1552
1531 1553
1532 1554
1533 1555
1534 1556
1535 1557
1536 1558
1537 1559
1538 1560
1539 1561
1540 1583
1541 1562
1542 1563
1543 1564
1544 1565
1545 1566
1546 1567
1547 1568
1548 1569
1549 1570
1550 1571
1551 1572
1552 1573
1553 1574
1554 1575
1555 1576
1556 1577
1557 1578
1558 1579
1559 1580
1560 1581
1561 1582
1562 1583
1563 1564
1564 1565
1565 1566
1566 1567
1567 1568
1568 1569
1569 1570
1570 1571
1571 1572
1572 1573
1573 1574
1574 1575
1575 1576
1576 1577
1577 1578
1578 1579
1579 1580
1580 1581
1581 1582
1582 1583
