0 1366
0 1431
0 1453
0 1518
1 66
1 88
1 132
1 1519
2 67
2 220
2 307
2 329
3 24
3 438
3 482
3 504
4 25
4 569
4 613
4 635
5 26
5 679
5 700
5 722
6 27
6 766
6 787
6 809
7 28
7 853
7 874
7 896
8 29
8 940
8 961
8 983
9 30
9 1048
9 1092
9 1114
10 1223
10 1245
10 1289
10 1528
11 1398
11 1442
11 1464
11 1529
12 77
12 99
12 143
12 1530
13 78
13 231
13 296
13 318
14 35
14 427
14 471
14 493
15 36
15 558
15 602
15 624
16 37
16 668
16 689
16 711
17 38
17 755
17 776
17 798
18 39
18 842
18 863
18 885
19 40
19 929
19 950
19 972
20 41
20 1037
20 1081
20 1103
21 42
21 1212
21 1234
21 1278
22 88
22 1475
22 1519
22 1541
23 89
23 154
23 176
23 263
24 351
24 417
24 438
25 47
25 548
25 592
26 48
26 679
26 700
27 49
27 766
27 787
28 50
28 853
28 874
29 51
29 940
29 961
30 52
30 1027
30 1071
31 53
31 1158
31 1202
31 1223
32 98
32 1333
32 1398
32 1464
33 99
33 1486
33 1530
33 1552
34 100
34 165
34 187
34 252
35 101
35 406
35 427
36 58
36 537
36 581
37 59
37 668
37 689
38 60
38 755
38 776
39 61
39 842
39 863
40 62
40 929
40 950
41 63
41 1016
41 1060
42 1147
42 1191
42 1212
43 109
43 1322
43 1387
43 1453
44 1410
44 1475
44 1497
44 1562
45 110
45 132
45 176
45 219
46 111
46 264
46 351
46 373
47 68
47 526
47 548
48 69
48 613
48 657
49 70
49 723
49 744
50 71
50 810
50 831
51 72
51 897
51 918
52 73
52 1005
52 1027
53 1092
53 1136
53 1158
54 75
54 1267
54 1289
54 1333
55 1442
55 1486
55 1508
55 1573
56 121
56 143
56 187
56 208
57 122
57 275
57 340
57 362
58 79
58 515
58 537
59 80
59 602
59 646
60 81
60 712
60 733
61 82
61 799
61 820
62 83
62 886
62 907
63 84
63 994
63 1016
64 85
64 1081
64 1125
64 1147
65 86
65 1256
65 1278
65 1322
66 88
66 132
66 1498
67 133
67 198
67 307
68 395
68 461
68 482
69 91
69 592
69 636
70 92
70 723
70 744
71 93
71 810
71 831
72 94
72 897
72 918
73 95
73 984
73 1005
74 96
74 1071
74 1115
74 1136
75 97
75 1202
75 1267
76 142
76 1377
76 1508
76 1529
77 143
77 208
77 1509
78 144
78 209
78 296
79 145
79 450
79 471
80 102
80 581
80 625
81 103
81 712
81 733
82 104
82 799
82 820
83 105
83 886
83 907
84 106
84 973
84 994
85 107
85 1060
85 1104
86 1191
86 1235
86 1256
87 153
87 1366
87 1431
87 1497
88 1541
89 154
89 220
89 263
90 155
90 308
90 395
90 417
91 112
91 526
91 570
92 113
92 657
92 701
93 114
93 767
93 788
94 115
94 854
94 875
95 116
95 962
95 984
96 117
96 1028
96 1049
97 118
97 1159
97 1180
98 119
98 1311
98 1377
99 164
99 1552
100 165
100 231
100 252
101 166
101 319
101 384
102 123
102 515
102 559
103 124
103 646
103 690
104 125
104 756
104 777
105 126
105 843
105 864
106 127
106 951
106 973
107 128
107 1017
107 1038
108 129
108 1125
108 1148
108 1169
109 130
109 1300
109 1322
110 176
110 219
110 263
111 177
111 242
111 264
112 178
112 439
112 505
113 135
113 636
113 680
114 136
114 767
114 788
115 137
115 854
115 875
116 138
116 941
116 962
117 139
117 1028
117 1049
118 140
118 1115
118 1180
119 141
119 1246
119 1311
120 142
120 186
120 1399
120 1421
121 187
121 208
121 252
122 188
122 253
122 340
123 189
123 428
123 494
124 146
124 625
124 669
125 147
125 756
125 777
126 148
126 843
126 864
127 149
127 930
127 951
128 150
128 1017
128 1038
129 151
129 1104
129 1169
130 1235
130 1279
130 1300
131 153
131 197
131 1388
131 1410
132 1563
133 154
133 177
133 198
134 199
134 352
134 439
134 461
135 156
135 570
135 614
136 157
136 701
136 745
137 158
137 811
137 832
138 159
138 919
138 941
139 160
139 985
139 1006
140 161
140 1072
140 1093
141 162
141 1224
141 1246
142 1355
142 1421
143 1574
144 165
144 209
144 275
145 210
145 363
145 428
146 167
146 559
146 603
147 168
147 690
147 734
148 169
148 800
148 821
149 170
149 908
149 930
150 171
150 974
150 995
151 172
151 1061
151 1082
152 173
152 196
152 1192
152 1213
153 174
153 1344
154 220
155 221
155 286
155 308
156 222
156 483
156 549
157 179
157 680
157 724
158 180
158 811
158 832
159 181
159 898
159 919
160 182
160 985
160 1006
161 183
161 1072
161 1093
162 184
162 1159
162 1203
163 185
163 1290
163 1334
163 1355
164 230
164 1443
164 1465
165 231
166 232
166 297
166 384
167 233
167 472
167 538
168 190
168 669
168 713
169 191
169 800
169 821
170 192
170 887
170 908
171 193
171 974
171 995
172 194
172 1061
172 1082
173 195
173 1148
173 1213
174 1279
174 1323
174 1344
175 197
175 241
175 1432
175 1454
176 1542
177 198
177 242
178 243
178 396
178 483
179 200
179 614
179 658
180 201
180 745
180 789
181 202
181 876
181 898
182 203
182 942
182 963
183 204
183 1029
183 1050
184 205
184 1116
184 1137
185 1224
185 1268
185 1290
186 207
186 1399
186 1465
187 1574
188 209
188 253
188 319
189 254
189 407
189 472
190 211
190 603
190 647
191 212
191 734
191 778
192 213
192 865
192 887
193 214
193 931
193 952
194 215
194 1018
194 1039
195 216
195 1105
195 1126
196 217
196 1236
196 1257
197 1388
197 1454
198 264
199 265
199 330
199 352
200 266
200 527
200 593
201 223
201 724
201 768
202 224
202 855
202 876
203 225
203 942
203 963
204 226
204 1029
204 1050
205 227
205 1116
205 1137
206 228
206 1203
206 1247
206 1268
207 229
207 1334
207 1378
208 1509
209 275
210 276
210 341
210 363
211 277
211 516
211 582
212 234
212 713
212 757
213 235
213 844
213 865
214 236
214 931
214 952
215 237
215 1018
215 1039
216 238
216 1105
216 1126
217 239
217 1192
217 1257
218 240
218 1301
218 1323
218 1367
219 285
219 1498
220 307
221 242
221 265
221 286
222 287
222 440
222 527
223 244
223 658
223 702
224 789
224 833
224 855
225 246
225 899
225 920
226 247
226 986
226 1007
227 248
227 1073
227 1094
228 249
228 1160
228 1181
229 250
229 1291
229 1312
230 251
230 1422
230 1443
231 296
232 253
232 276
232 297
233 298
233 451
233 516
234 255
234 647
234 691
235 778
235 822
235 844
236 257
236 888
236 909
237 258
237 975
237 996
238 259
238 1062
238 1083
239 260
239 1149
239 1170
240 261
240 1280
240 1301
241 262
241 1411
241 1432
242 308
243 309
243 374
243 396
244 310
244 571
244 637
245 267
245 746
245 768
245 812
246 268
246 899
246 920
247 269
247 986
247 1007
248 270
248 1073
248 1094
249 271
249 1160
249 1181
250 272
250 1247
250 1312
251 273
251 1356
251 1378
252 1553
253 319
254 320
254 385
254 407
255 321
255 560
255 626
256 278
256 735
256 757
256 801
257 279
257 888
257 909
258 280
258 975
258 996
259 281
259 1062
259 1083
260 282
260 1149
260 1170
261 283
261 1214
261 1236
262 284
262 1345
262 1367
263 1542
264 351
265 286
265 330
266 331
266 484
266 571
267 288
267 702
267 746
268 289
268 833
268 877
269 290
269 943
269 964
270 291
270 1030
270 1051
271 292
271 1117
271 1138
272 293
272 1204
272 1225
273 294
273 1335
273 1356
274 295
274 339
274 1466
274 1487
275 340
276 297
276 341
277 342
277 495
277 560
278 299
278 691
278 735
279 300
279 822
279 866
280 301
280 932
280 953
281 302
281 1019
281 1040
282 303
282 1106
282 1127
283 304
283 1193
283 1214
284 305
284 1324
284 1345
285 306
285 1455
285 1476
286 352
287 353
287 418
287 440
288 354
288 615
288 681
289 311
289 812
289 856
290 312
290 943
290 964
291 313
291 1030
291 1051
292 314
292 1117
292 1138
293 315
293 1204
293 1225
294 316
294 1269
294 1291
295 317
295 1422
295 1487
296 362
297 363
298 364
298 429
298 451
299 365
299 604
299 670
300 322
300 801
300 845
301 323
301 932
301 953
302 324
302 1019
302 1040
303 325
303 1106
303 1127
304 326
304 1171
304 1193
305 327
305 1258
305 1280
306 328
306 1411
306 1476
307 373
308 395
309 330
309 353
309 374
310 375
310 528
310 615
311 332
311 725
311 790
312 333
312 877
312 921
313 334
313 987
313 1008
314 335
314 1074
314 1095
315 336
315 1161
315 1182
316 337
316 1248
316 1269
317 338
317 1379
317 1400
318 339
318 1510
318 1531
319 384
320 341
320 364
320 385
321 386
321 539
321 604
322 343
322 714
322 779
323 344
323 866
323 910
324 345
324 976
324 997
325 346
325 1063
325 1084
326 347
326 1150
326 1171
327 348
327 1237
327 1258
328 349
328 1368
328 1389
329 350
329 1499
329 1520
330 396
331 397
331 462
331 484
332 398
332 659
332 725
333 355
333 856
333 900
334 356
334 987
334 1008
335 357
335 1074
335 1095
336 358
336 1161
336 1182
337 359
337 1226
337 1248
338 360
338 1335
338 1400
339 1466
339 1531
340 406
341 407
342 408
342 473
342 495
343 409
343 648
343 714
344 366
344 845
344 889
345 367
345 976
345 997
346 368
346 1063
346 1084
347 369
347 1128
347 1150
348 370
348 1215
348 1237
349 371
349 1324
349 1389
350 372
350 1455
350 1520
351 417
352 439
353 374
353 418
354 419
354 572
354 659
355 376
355 790
355 834
356 377
356 921
356 965
357 378
357 1031
357 1052
358 379
358 1118
358 1139
359 380
359 1205
359 1226
360 381
360 1292
360 1313
361 382
361 405
361 1423
361 1444
362 383
362 1575
363 428
364 385
364 429
365 430
365 583
365 648
366 387
366 779
366 823
367 388
367 910
367 954
368 389
368 1020
368 1041
369 390
369 1107
369 1128
370 391
370 1194
370 1215
371 392
371 1281
371 1302
372 393
372 1412
372 1433
373 394
373 1564
374 440
375 441
375 506
375 528
376 442
376 703
376 769
377 399
377 900
377 944
378 400
378 1031
378 1052
379 401
379 1118
379 1139
380 402
380 1183
380 1205
381 403
381 1292
381 1313
382 404
382 1379
382 1444
383 405
383 1510
383 1554
384 450
385 451
386 452
386 517
386 539
387 453
387 692
387 758
388 410
388 889
388 933
389 411
389 1020
389 1041
390 412
390 1085
390 1107
391 413
391 1172
391 1194
392 414
392 1281
392 1302
393 415
393 1368
393 1433
394 416
394 1499
394 1543
395 461
396 483
397 418
397 441
397 462
398 463
398 616
398 703
399 420
399 834
399 878
400 421
400 965
400 1009
401 422
401 1075
401 1096
402 423
402 1162
402 1183
403 424
403 1249
403 1270
404 425
404 1336
404 1357
405 426
405 1488
406 427
406 450
407 472
408 429
408 452
408 473
409 474
409 627
409 692
410 431
410 823
410 867
411 432
411 954
411 998
412 433
412 1064
412 1085
413 434
413 1151
413 1172
414 435
414 1238
414 1259
415 436
415 1325
415 1346
416 437
416 1456
416 1477
417 438
418 484
419 485
419 550
419 572
420 486
420 747
420 813
421 443
421 944
421 988
422 444
422 1075
422 1096
423 445
423 1140
423 1162
424 446
424 1249
424 1270
425 447
425 1336
425 1357
426 448
426 1423
426 1467
427 1554
428 494
429 495
430 496
430 561
430 583
431 497
431 736
431 802
432 454
432 933
432 977
433 455
433 1042
433 1064
434 456
434 1129
434 1151
435 457
435 1238
435 1259
436 458
436 1325
436 1346
437 459
437 1412
437 1477
438 1543
439 505
440 527
441 462
441 506
442 507
442 660
442 747
443 464
443 878
443 922
444 465
444 1009
444 1053
445 466
445 1119
445 1140
446 467
446 1206
446 1227
447 468
447 1293
447 1314
448 469
448 1380
448 1401
449 470
449 1488
449 1511
449 1532
450 471
451 516
452 473
452 517
453 518
453 671
453 736
454 475
454 867
454 911
455 476
455 998
455 1042
456 477
456 1108
456 1129
457 478
457 1195
457 1216
458 479
458 1282
458 1303
459 480
459 1369
459 1390
460 481
460 504
460 1500
460 1521
461 482
462 528
463 529
463 594
463 616
464 530
464 791
464 857
465 487
465 988
465 1032
466 488
466 1097
466 1119
467 489
467 1206
467 1227
468 490
468 1293
468 1314
469 491
469 1380
469 1401
470 492
470 1467
470 1532
471 493
472 538
473 539
474 540
474 605
474 627
475 541
475 780
475 846
476 498
476 977
476 1021
477 499
477 1086
477 1108
478 500
478 1195
478 1216
479 501
479 1282
479 1303
480 502
480 1369
480 1390
481 503
481 1456
481 1521
482 504
483 549
484 571
485 506
485 529
485 550
486 551
486 704
486 791
487 508
487 922
487 966
488 509
488 1053
488 1097
489 510
489 1163
489 1184
490 511
490 1250
490 1271
491 512
491 1337
491 1358
492 513
492 1424
492 1445
493 514
493 1576
494 515
494 538
495 560
496 517
496 540
496 561
497 562
497 715
497 780
498 519
498 911
498 955
499 520
499 1065
499 1086
500 521
500 1152
500 1173
501 522
501 1239
501 1260
502 523
502 1326
502 1347
503 524
503 1413
503 1434
504 1565
505 526
505 549
506 572
507 573
507 638
507 660
508 574
508 835
508 901
509 531
509 1032
509 1076
510 532
510 1163
510 1184
511 533
511 1250
511 1271
512 534
512 1337
512 1358
513 535
513 1424
513 1445
514 536
514 1511
514 1555
515 537
516 582
517 583
518 584
518 649
518 671
519 585
519 824
519 890
520 542
520 999
520 1021
521 543
521 1152
521 1173
522 544
522 1239
522 1260
523 545
523 1326
523 1347
524 546
524 1413
524 1434
525 547
525 1478
525 1500
525 1544
526 548
527 593
528 615
529 550
529 594
530 595
530 748
530 835
531 552
531 966
531 1010
532 553
532 1120
532 1141
533 554
533 1207
533 1228
534 555
534 1294
534 1315
535 556
535 1381
535 1402
536 557
536 1468
536 1489
537 1576
538 559
539 604
540 561
540 605
541 606
541 759
541 824
542 563
542 955
542 999
543 564
543 1109
543 1130
544 565
544 1196
544 1217
545 566
545 1283
545 1304
546 567
546 1370
546 1391
547 568
547 1457
547 1478
548 569
549 570
550 616
551 617
551 682
551 704
552 618
552 879
552 945
553 575
553 1054
553 1076
554 576
554 1207
554 1228
555 577
555 1294
555 1315
556 578
556 1381
556 1402
557 579
557 1468
557 1489
558 580
558 1533
558 1555
559 581
560 626
561 627
562 628
562 693
562 715
563 629
563 868
563 934
564 586
564 1043
564 1065
565 587
565 1196
565 1217
566 588
566 1283
566 1304
567 589
567 1370
567 1391
568 590
568 1435
568 1457
569 591
569 1544
570 592
571 637
572 659
573 594
573 617
573 638
574 639
574 792
574 879
575 596
575 1010
575 1054
576 597
576 1141
576 1185
577 598
577 1251
577 1272
578 599
578 1338
578 1359
579 600
579 1425
579 1446
580 601
580 1512
580 1533
581 602
582 603
582 626
583 648
584 605
584 628
584 649
585 650
585 803
585 868
586 607
586 978
586 1043
587 608
587 1130
587 1174
588 609
588 1240
588 1261
589 610
589 1327
589 1348
590 611
590 1414
590 1435
591 612
591 1501
591 1522
592 613
593 614
593 637
594 660
595 661
595 726
595 748
596 662
596 923
596 989
597 619
597 1120
597 1164
598 620
598 1251
598 1272
599 621
599 1338
599 1359
600 622
600 1425
600 1446
601 623
601 1490
601 1512
602 624
603 625
604 670
605 671
606 672
606 737
606 759
607 673
607 912
607 978
608 630
608 1109
608 1153
609 631
609 1240
609 1261
610 632
610 1327
610 1348
611 633
611 1392
611 1414
612 634
612 1501
612 1522
613 635
614 636
615 681
616 703
617 638
617 682
618 683
618 836
618 923
619 640
619 1033
619 1098
620 641
620 1185
620 1229
621 642
621 1295
621 1316
622 643
622 1382
622 1403
623 644
623 1469
623 1490
624 645
624 1577
625 646
626 647
627 692
628 649
628 693
629 694
629 847
629 912
630 651
630 1022
630 1087
631 652
631 1174
631 1218
632 653
632 1284
632 1305
633 654
633 1371
633 1392
634 655
634 1458
634 1479
635 656
635 1566
636 657
637 658
638 704
639 705
639 770
639 792
640 706
640 967
640 1033
641 663
641 1164
641 1208
642 664
642 1295
642 1316
643 665
643 1382
643 1403
644 666
644 1447
644 1469
645 667
645 1534
645 1556
646 668
647 669
648 714
649 715
650 716
650 781
650 803
651 717
651 956
651 1022
652 674
652 1153
652 1197
653 675
653 1284
653 1305
654 676
654 1349
654 1371
655 677
655 1458
655 1479
656 678
656 1523
656 1545
657 679
658 680
659 725
660 747
661 682
661 705
661 726
662 727
662 880
662 967
663 684
663 1098
663 1142
664 685
664 1229
664 1273
665 686
665 1339
665 1360
666 687
666 1426
666 1447
667 688
667 1534
667 1556
668 689
669 690
670 691
670 758
671 736
672 693
672 716
672 737
673 738
673 891
673 956
674 695
674 1087
674 1131
675 696
675 1218
675 1262
676 697
676 1328
676 1349
677 698
677 1415
677 1436
678 699
678 1523
678 1545
679 700
680 701
681 702
681 769
682 748
683 749
683 814
683 836
684 750
684 1011
684 1077
685 707
685 1208
685 1252
686 708
686 1339
686 1360
687 709
687 1404
687 1426
688 710
688 1491
688 1513
689 711
690 712
691 713
692 758
693 759
694 760
694 825
694 847
695 761
695 1000
695 1066
696 718
696 1197
696 1241
697 719
697 1306
697 1328
698 720
698 1415
698 1436
699 721
699 1480
699 1502
700 722
701 723
702 724
703 769
704 791
705 726
705 770
706 771
706 924
706 1011
707 728
707 1142
707 1186
708 729
708 1273
708 1317
709 730
709 1383
709 1404
710 731
710 1491
710 1513
711 732
711 1578
712 733
713 734
714 735
715 780
716 737
716 781
717 782
717 935
717 1000
718 739
718 1131
718 1175
719 740
719 1262
719 1306
720 741
720 1372
720 1393
721 742
721 1480
721 1502
722 743
722 1567
723 744
724 745
725 746
726 792
727 793
727 858
727 880
728 794
728 1055
728 1121
729 751
729 1252
729 1296
730 752
730 1361
730 1383
731 753
731 1448
731 1470
732 754
732 1535
732 1557
733 755
734 756
735 757
736 802
737 803
738 804
738 869
738 891
739 805
739 1044
739 1110
740 762
740 1241
740 1285
741 763
741 1372
741 1393
742 764
742 1437
742 1459
743 765
743 1524
743 1546
744 766
745 767
746 768
747 813
748 835
749 770
749 793
749 814
750 815
750 968
750 1055
751 772
751 1186
751 1230
752 773
752 1317
752 1361
753 774
753 1448
753 1470
754 775
754 1535
754 1557
755 776
756 777
757 778
758 779
759 824
760 781
760 804
760 825
761 826
761 979
761 1044
762 783
762 1175
762 1219
763 784
763 1329
763 1350
764 785
764 1437
764 1459
765 786
765 1524
765 1546
766 787
767 788
768 789
769 790
770 836
771 837
771 902
771 924
772 838
772 1099
772 1165
773 795
773 1296
773 1340
774 796
774 1405
774 1427
775 797
775 1492
775 1514
776 798
777 799
778 800
779 801
780 846
781 847
782 848
782 913
782 935
783 849
783 1088
783 1154
784 806
784 1263
784 1285
785 807
785 1394
785 1416
786 808
786 1481
786 1503
787 809
788 810
789 811
790 812
791 857
792 879
793 814
793 858
794 859
794 1012
794 1099
795 816
795 1230
795 1274
796 817
796 1405
796 1427
797 818
797 1492
797 1514
798 819
798 1579
799 820
800 821
801 822
802 823
802 846
803 868
804 825
804 869
805 870
805 1023
805 1088
806 827
806 1219
806 1263
807 1350
807 1394
807 1416
808 829
808 1481
808 1503
809 830
809 1568
810 831
811 832
812 833
813 834
813 857
814 880
815 881
815 946
815 968
816 882
816 1143
816 1209
817 839
817 1340
817 1384
818 840
818 1449
818 1471
819 841
819 1536
819 1558
820 842
821 843
822 844
823 845
824 890
825 891
826 892
826 957
826 979
827 893
827 1132
827 1198
828 850
828 1307
828 1329
828 1373
829 851
829 1438
829 1460
830 852
830 1525
830 1547
831 853
832 854
833 855
834 856
835 901
836 923
837 858
837 881
837 902
838 903
838 1056
838 1143
839 860
839 1274
839 1318
840 861
840 1449
840 1471
841 862
841 1536
841 1558
842 863
843 864
844 865
845 866
846 867
847 912
848 869
848 892
848 913
849 914
849 1067
849 1132
850 871
850 1242
850 1307
851 872
851 1438
851 1460
852 873
852 1525
852 1547
853 874
854 875
855 876
856 877
857 878
858 924
859 925
859 990
859 1012
860 926
860 1187
860 1253
861 883
861 1384
861 1428
862 884
862 1493
862 1515
863 885
864 886
865 887
866 888
867 889
868 934
869 935
870 936
870 1001
870 1023
871 937
871 1176
871 1242
872 894
872 1373
872 1417
873 895
873 1482
873 1504
874 896
875 897
876 898
877 899
878 900
879 945
880 967
881 902
881 946
882 947
882 1100
882 1187
883 904
883 1318
883 1362
884 905
884 1493
884 1515
885 906
885 1580
886 907
887 908
888 909
889 910
890 911
890 934
891 956
892 913
892 957
893 958
893 1111
893 1176
894 915
894 1286
894 1351
895 916
895 1482
895 1504
896 917
896 1569
897 918
898 919
899 920
900 921
901 922
901 945
902 968
903 969
903 1034
903 1056
904 970
904 1231
904 1297
905 927
905 1428
905 1472
906 928
906 1537
906 1559
907 929
908 930
909 931
910 932
911 933
912 978
913 979
914 980
914 1045
914 1067
915 981
915 1220
915 1286
916 938
916 1417
916 1461
917 939
917 1526
917 1548
918 940
919 941
920 942
921 943
922 944
923 989
924 1011
925 946
925 969
925 990
926 991
926 1144
926 1231
927 948
927 1362
927 1406
928 949
928 1537
928 1559
929 950
930 951
931 952
932 953
933 954
934 955
935 1000
936 957
936 980
936 1001
937 1002
937 1155
937 1220
938 959
938 1351
938 1395
939 960
939 1526
939 1548
940 961
941 962
942 963
943 964
944 965
945 966
946 1012
947 1013
947 1078
947 1100
948 1014
948 1275
948 1341
949 971
949 1472
949 1516
950 972
951 973
952 974
953 975
954 976
955 977
956 1022
957 1023
958 1024
958 1089
958 1111
959 1025
959 1264
959 1330
960 982
960 1461
960 1505
961 983
962 984
963 985
964 986
965 987
966 988
967 1033
968 1055
969 990
969 1034
970 1035
970 1188
970 1275
971 992
971 1406
971 1450
972 993
972 1581
973 994
974 995
975 996
976 997
977 998
978 999
979 1044
980 1001
980 1045
981 1046
981 1199
981 1264
982 1003
982 1395
982 1439
983 1004
983 1570
984 1005
985 1006
986 1007
987 1008
988 1009
989 1010
989 1077
990 1056
991 1057
991 1122
991 1144
992 1058
992 1319
992 1385
993 1015
993 1516
993 1560
994 1016
995 1017
996 1018
997 1019
998 1020
999 1021
1000 1066
1001 1067
1002 1068
1002 1133
1002 1155
1003 1069
1003 1308
1003 1374
1004 1026
1004 1505
1004 1549
1005 1027
1006 1028
1007 1029
1008 1030
1009 1031
1010 1032
1011 1077
1012 1099
1013 1034
1013 1057
1013 1078
1014 1079
1014 1232
1014 1319
1015 1036
1015 1450
1015 1494
1016 1581
1017 1038
1018 1039
1019 1040
1020 1041
1021 1042
1022 1043
1023 1088
1024 1045
1024 1068
1024 1089
1025 1090
1025 1243
1025 1308
1026 1047
1026 1439
1026 1483
1027 1570
1028 1049
1029 1050
1030 1051
1031 1052
1032 1053
1033 1054
1034 1100
1035 1101
1035 1166
1035 1188
1036 1102
1036 1363
1036 1429
1037 1059
1037 1538
1037 1560
1038 1060
1039 1061
1040 1062
1041 1063
1042 1064
1043 1065
1044 1110
1045 1111
1046 1112
1046 1177
1046 1199
1047 1113
1047 1352
1047 1418
1048 1070
1048 1527
1048 1549
1049 1071
1050 1072
1051 1073
1052 1074
1053 1075
1054 1076
1055 1121
1056 1143
1057 1078
1057 1122
1058 1123
1058 1276
1058 1363
1059 1080
1059 1494
1059 1538
1060 1081
1061 1082
1062 1083
1063 1084
1064 1085
1065 1086
1066 1087
1066 1110
1067 1132
1068 1089
1068 1133
1069 1134
1069 1287
1069 1352
1070 1091
1070 1483
1070 1527
1071 1092
1072 1093
1073 1094
1074 1095
1075 1096
1076 1097
1077 1098
1078 1144
1079 1145
1079 1210
1079 1232
1080 1146
1080 1407
1080 1473
1081 1103
1082 1104
1083 1105
1084 1106
1085 1107
1086 1108
1087 1109
1088 1154
1089 1155
1090 1156
1090 1221
1090 1243
1091 1157
1091 1396
1091 1462
1092 1114
1093 1115
1094 1116
1095 1117
1096 1118
1097 1119
1098 1120
1099 1165
1100 1187
1101 1122
1101 1145
1101 1166
1102 1167
1102 1320
1102 1407
1103 1124
1103 1582
1104 1125
1105 1126
1106 1127
1107 1128
1108 1129
1109 1130
1110 1131
1111 1176
1112 1133
1112 1156
1112 1177
1113 1178
1113 1331
1113 1396
1114 1135
1114 1571
1115 1136
1116 1137
1117 1138
1118 1139
1119 1140
1120 1141
1121 1142
1121 1165
1122 1188
1123 1189
1123 1254
1123 1276
1124 1190
1124 1451
1124 1517
1125 1147
1126 1148
1127 1149
1128 1150
1129 1151
1130 1152
1131 1153
1132 1198
1133 1199
1134 1200
1134 1265
1134 1287
1135 1201
1135 1440
1135 1506
1136 1158
1137 1159
1138 1160
1139 1161
1140 1162
1141 1163
1142 1164
1143 1209
1144 1231
1145 1166
1145 1210
1146 1211
1146 1364
1146 1451
1147 1168
1148 1169
1149 1170
1150 1171
1151 1172
1152 1173
1153 1174
1154 1175
1154 1198
1155 1220
1156 1177
1156 1221
1157 1222
1157 1375
1157 1440
1158 1179
1159 1180
1160 1181
1161 1182
1162 1183
1163 1184
1164 1185
1165 1186
1166 1232
1167 1233
1167 1298
1167 1320
1168 1234
1168 1495
1168 1561
1169 1191
1170 1192
1171 1193
1172 1194
1173 1195
1174 1196
1175 1197
1176 1242
1177 1243
1178 1244
1178 1309
1178 1331
1179 1245
1179 1484
1179 1550
1180 1202
1181 1203
1182 1204
1183 1205
1184 1206
1185 1207
1186 1208
1187 1253
1188 1275
1189 1210
1189 1233
1189 1254
1190 1255
1190 1408
1190 1495
1191 1212
1192 1213
1193 1214
1194 1215
1195 1216
1196 1217
1197 1218
1198 1219
1199 1264
1200 1221
1200 1244
1200 1265
1201 1266
1201 1419
1201 1484
1202 1223
1203 1224
1204 1225
1205 1226
1206 1227
1207 1228
1208 1229
1209 1230
1209 1253
1210 1276
1211 1277
1211 1342
1211 1364
1212 1539
1213 1235
1214 1236
1215 1237
1216 1238
1217 1239
1218 1240
1219 1241
1220 1286
1221 1287
1222 1288
1222 1353
1222 1375
1223 1289
1224 1246
1225 1247
1226 1248
1227 1249
1228 1250
1229 1251
1230 1252
1231 1297
1232 1319
1233 1254
1233 1298
1234 1452
1234 1539
1235 1256
1236 1257
1237 1258
1238 1259
1239 1260
1240 1261
1241 1262
1242 1263
1243 1308
1244 1265
1244 1309
1245 1463
1245 1528
1246 1267
1247 1268
1248 1269
1249 1270
1250 1271
1251 1272
1252 1273
1253 1274
1254 1320
1255 1321
1255 1386
1255 1408
1256 1583
1257 1279
1258 1280
1259 1281
1260 1282
1261 1283
1262 1284
1263 1285
1264 1330
1265 1331
1266 1332
1266 1397
1266 1419
1267 1333
1268 1290
1269 1291
1270 1292
1271 1293
1272 1294
1273 1295
1274 1296
1275 1341
1276 1363
1277 1298
1277 1321
1277 1342
1278 1496
1278 1583
1279 1300
1280 1301
1281 1302
1282 1303
1283 1304
1284 1305
1285 1306
1286 1307
1287 1352
1288 1309
1288 1332
1288 1353
1289 1572
1290 1311
1291 1312
1292 1313
1293 1314
1294 1315
1295 1316
1296 1317
1297 1318
1297 1341
1298 1364
1299 1365
1299 1430
1299 1452
1299 1496
1300 1366
1301 1323
1302 1324
1303 1325
1304 1326
1305 1327
1306 1328
1307 1329
1308 1374
1309 1375
1310 1376
1310 1441
1310 1463
1310 1507
1311 1377
1312 1334
1313 1335
1314 1336
1315 1337
1316 1338
1317 1339
1318 1340
1319 1385
1320 1407
1321 1342
1321 1386
1322 1540
1323 1344
1324 1345
1325 1346
1326 1347
1327 1348
1328 1349
1329 1350
1330 1351
1330 1374
1331 1396
1332 1353
1332 1397
1333 1551
1334 1355
1335 1356
1336 1357
1337 1358
1338 1359
1339 1360
1340 1361
1341 1362
1342 1408
1343 1365
1343 1409
1343 1430
1343 1474
1344 1410
1345 1367
1346 1368
1347 1369
1348 1370
1349 1371
1350 1372
1351 1373
1352 1418
1353 1419
1354 1420
1354 1441
1354 1485
1354 1507
1355 1421
1356 1378
1357 1379
1358 1380
1359 1381
1360 1382
1361 1383
1362 1384
1363 1429
1364 1451
1365 1386
1365 1430
1366 1431
1367 1388
1368 1389
1369 1390
1370 1391
1371 1392
1372 1393
1373 1394
1374 1395
1375 1440
1376 1397
1376 1420
1376 1441
1377 1442
1378 1399
1379 1400
1380 1401
1381 1402
1382 1403
1383 1404
1384 1405
1385 1406
1385 1429
1386 1452
1387 1453
1387 1474
1387 1518
1388 1454
1389 1411
1390 1412
1391 1413
1392 1414
1393 1415
1394 1416
1395 1417
1396 1462
1397 1463
1398 1464
1398 1485
1399 1465
1400 1422
1401 1423
1402 1424
1403 1425
1404 1426
1405 1427
1406 1428
1407 1473
1408 1495
1409 1473
1409 1474
1409 1517
1410 1475
1411 1432
1412 1433
1413 1434
1414 1435
1415 1436
1416 1437
1417 1438
1418 1439
1418 1462
1419 1484
1420 1485
1420 1506
1421 1486
1422 1443
1423 1444
1424 1445
1425 1446
1426 1447
1427 1448
1428 1449
1429 1450
1430 1496
1431 1497
1432 1498
1433 1455
1434 1456
1435 1457
1436 1458
1437 1459
1438 1460
1439 1461
1440 1506
1441 1507
1442 1508
1443 1509
1444 1466
1445 1467
1446 1468
1447 1469
1448 1470
1449 1471
1450 1472
1451 1517
1452 1539
1453 1518
1454 1519
1455 1476
1456 1477
1457 1478
1458 1479
1459 1480
1460 1481
1461 1482
1462 1483
1463 1528
1464 1529
1465 1530
1466 1487
1467 1488
1468 1489
1469 1490
1470 1491
1471 1492
1472 1493
1473 1494
1474 1540
1475 1541
1476 1542
1477 1499
1478 1500
1479 1501
1480 1502
1481 1503
1482 1504
1483 1505
1484 1550
1485 1551
1486 1552
1487 1553
1488 1510
1489 1511
1490 1512
1491 1513
1492 1514
1493 1515
1494 1516
1495 1561
1496 1583
1497 1562
1498 1563
1499 1520
1500 1521
1501 1522
1502 1523
1503 1524
1504 1525
1505 1526
1506 1527
1507 1572
1508 1573
1509 1574
1510 1531
1511 1532
1512 1533
1513 1534
1514 1535
1515 1536
1516 1537
1517 1538
1518 1540
1519 1541
1520 1542
1521 1543
1522 1544
1523 1545
1524 1546
1525 1547
1526 1548
1527 1549
1528 1550
1529 1551
1530 1552
1531 1553
1532 1554
1533 1555
1534 1556
1535 1557
1536 1558
1537 1559
1538 1560
1539 1561
1540 1583
1541 1562
1542 1563
1543 1564
1544 1565
1545 1566
1546 1567
1547 1568
1548 1569
1549 1570
1550 1571
1551 1572
1552 1573
1553 1574
1554 1575
1555 1576
1556 1577
1557 1578
1558 1579
1559 1580
1560 1581
1561 1582
1562 1563
1563 1564
1564 1565
1565 1566
1566 1567
1567 1568
1568 1569
1569 1570
1570 1571
1571 1572
1572 1573
1573 1574
1574 1575
1575 1576
1576 1577
1577 1578
1578 1579
1579 1580
1580 1581
1581 1582
1582 1583
