0 1300
0 1366
0 1431
0 1518
1 66
1 1454
1 1498
1 1519
2 67
2 133
2 154
2 220
3 68
3 308
3 395
3 417
4 25
4 526
4 548
4 570
5 26
5 636
5 657
5 679
6 27
6 723
6 744
6 766
7 28
7 810
7 831
7 853
8 29
8 897
8 918
8 940
9 30
9 1005
9 1049
9 1071
10 31
10 1136
10 1180
10 1202
11 1311
11 1377
11 1442
11 1529
12 77
12 1465
12 1509
12 1530
13 78
13 144
13 165
13 231
14 79
14 319
14 384
14 406
15 36
15 515
15 537
15 559
16 37
16 625
16 646
16 668
17 38
17 712
17 733
17 755
18 39
18 799
18 820
18 842
19 40
19 886
19 907
19 929
20 41
20 994
20 1038
20 1060
21 42
21 1125
21 1169
21 1191
22 88
22 1454
22 1475
22 1541
23 89
23 110
23 154
23 1542
24 90
24 242
24 308
24 351
25 47
25 505
25 526
26 592
26 636
26 657
27 49
27 723
27 744
28 50
28 810
28 831
29 51
29 897
29 918
30 52
30 984
30 1005
31 1071
31 1115
31 1136
32 54
32 1246
32 1267
32 1311
33 1421
33 1465
33 1486
33 1552
34 100
34 121
34 165
34 187
35 101
35 253
35 319
35 340
36 58
36 494
36 515
37 581
37 625
37 646
38 60
38 712
38 733
39 61
39 799
39 820
40 62
40 886
40 907
41 63
41 973
41 994
42 64
42 1104
42 1125
43 65
43 1235
43 1256
43 1300
44 131
44 1344
44 1410
44 1475
45 110
45 176
45 1498
45 1563
46 111
46 177
46 198
46 264
47 112
47 439
47 461
48 69
48 570
48 592
48 614
49 70
49 680
49 701
50 71
50 767
50 788
51 72
51 854
51 875
52 73
52 962
52 984
53 74
53 1049
53 1093
53 1115
54 75
54 1180
54 1246
55 120
55 1355
55 1421
55 1486
56 121
56 187
56 1509
56 1574
57 122
57 188
57 209
57 275
58 123
58 428
58 450
59 80
59 559
59 581
59 603
60 81
60 669
60 690
61 82
61 756
61 777
62 83
62 843
62 864
63 84
63 951
63 973
64 85
64 1038
64 1082
65 1169
65 1213
65 1235
66 132
66 1432
66 1519
67 133
67 198
67 220
68 134
68 286
68 352
69 91
69 505
69 549
70 92
70 680
70 701
71 93
71 767
71 788
72 94
72 854
72 875
73 95
73 941
73 962
74 96
74 1006
74 1028
75 97
75 1137
75 1159
76 98
76 1268
76 1290
76 1355
77 143
77 1443
77 1530
78 144
78 209
78 231
79 145
79 297
79 363
80 102
80 494
80 538
81 103
81 669
81 690
82 104
82 756
82 777
83 105
83 843
83 864
84 106
84 930
84 951
85 107
85 995
85 1017
86 108
86 1104
86 1126
86 1148
87 109
87 1257
87 1279
87 1344
88 175
88 1367
88 1388
89 110
89 154
89 1520
90 155
90 221
90 242
91 156
91 396
91 483
92 113
92 614
92 658
93 114
93 724
93 745
94 115
94 811
94 832
95 116
95 919
95 941
96 117
96 1006
96 1028
97 118
97 1093
97 1159
98 119
98 1224
98 1290
99 120
99 164
99 1378
99 1399
100 121
100 165
100 231
101 166
101 232
101 253
102 167
102 407
102 472
103 124
103 603
103 647
104 125
104 713
104 734
105 126
105 800
105 821
106 127
106 908
106 930
107 128
107 995
107 1017
108 129
108 1082
108 1148
109 130
109 1213
109 1279
110 1563
111 133
111 177
111 264
112 178
112 330
112 396
113 135
113 549
113 593
114 136
114 724
114 745
115 137
115 811
115 832
116 138
116 898
116 919
117 139
117 963
117 985
118 140
118 1050
118 1072
119 141
119 1203
119 1224
120 1334
120 1399
121 1574
122 144
122 188
122 275
123 189
123 341
123 407
124 146
124 538
124 582
125 147
125 713
125 734
126 148
126 800
126 821
127 149
127 887
127 908
128 150
128 952
128 974
129 151
129 1039
129 1061
130 152
130 1170
130 1192
131 153
131 1323
131 1388
132 219
132 1411
132 1432
133 198
134 199
134 265
134 352
135 200
135 440
135 527
136 157
136 658
136 702
137 158
137 768
137 789
138 159
138 876
138 898
139 160
139 963
139 985
140 161
140 1050
140 1072
141 162
141 1137
141 1181
142 163
142 1268
142 1312
142 1334
143 208
143 1422
143 1443
144 209
145 210
145 276
145 363
146 211
146 451
146 516
147 168
147 647
147 691
148 169
148 757
148 778
149 170
149 865
149 887
150 171
150 952
150 974
151 172
151 1039
151 1061
152 173
152 1126
152 1192
153 1257
153 1301
153 1323
154 220
155 177
155 221
155 286
156 222
156 374
156 440
157 179
157 593
157 637
158 180
158 768
158 789
159 181
159 855
159 876
160 182
160 920
160 942
161 183
161 1007
161 1029
162 184
162 1094
162 1116
163 185
163 1203
163 1247
164 186
164 1356
164 1378
165 1553
166 188
166 232
166 297
167 233
167 385
167 451
168 190
168 582
168 626
169 191
169 757
169 778
170 192
170 844
170 865
171 193
171 909
171 931
172 194
172 996
172 1018
173 195
173 1083
173 1105
174 196
174 218
174 1214
174 1236
175 197
175 1345
175 1367
176 263
176 1455
176 1476
177 242
178 243
178 309
178 330
179 244
179 484
179 571
180 201
180 702
180 746
181 202
181 833
181 855
182 203
182 920
182 942
183 204
183 1007
183 1029
184 205
184 1094
184 1116
185 206
185 1181
185 1225
186 207
186 1291
186 1312
187 252
187 1487
188 253
189 254
189 320
189 341
190 255
190 495
190 560
191 212
191 691
191 735
192 213
192 822
192 844
193 214
193 909
193 931
194 215
194 996
194 1018
195 216
195 1083
195 1105
196 217
196 1170
196 1236
197 218
197 1280
197 1301
198 264
199 221
199 243
199 265
200 266
200 418
200 484
201 223
201 637
201 681
202 224
202 812
202 833
203 225
203 877
203 899
204 226
204 964
204 986
205 227
205 1051
205 1073
206 228
206 1138
206 1160
207 229
207 1247
207 1291
208 230
208 1422
208 1487
209 275
210 232
210 254
210 276
211 277
211 429
211 495
212 234
212 626
212 670
213 235
213 801
213 822
214 236
214 866
214 888
215 237
215 953
215 975
216 238
216 1040
216 1062
217 239
217 1127
217 1149
218 240
218 1280
219 241
219 1411
219 1476
220 1520
221 286
222 287
222 353
222 374
223 288
223 528
223 615
224 245
224 746
224 790
225 246
225 877
225 899
226 247
226 964
226 986
227 248
227 1051
227 1073
228 249
228 1138
228 1160
229 250
229 1225
229 1269
230 251
230 1356
230 1400
231 1531
232 297
233 298
233 364
233 385
234 299
234 539
234 604
235 256
235 735
235 779
236 257
236 866
236 888
237 258
237 953
237 975
238 259
238 1040
238 1062
239 260
239 1127
239 1149
240 261
240 1214
240 1258
241 262
241 1345
241 1389
242 308
243 265
243 309
244 310
244 462
244 528
245 267
245 681
245 725
246 268
246 812
246 856
247 269
247 921
247 943
248 270
248 1008
248 1030
249 271
249 1095
249 1117
250 272
250 1182
250 1204
251 273
251 1313
251 1335
252 274
252 1466
252 1531
253 319
254 276
254 320
255 321
255 473
255 539
256 278
256 670
256 714
257 279
257 801
257 845
258 280
258 910
258 932
259 281
259 997
259 1019
260 282
260 1084
260 1106
261 283
261 1171
261 1193
262 284
262 1302
262 1324
263 285
263 1433
263 1455
264 1564
265 330
266 331
266 397
266 418
267 332
267 572
267 659
268 289
268 790
268 834
269 290
269 921
269 943
270 291
270 1008
270 1030
271 292
271 1095
271 1117
272 293
272 1182
272 1204
273 294
273 1269
273 1335
274 295
274 1400
274 1466
275 1575
276 341
277 342
277 408
277 429
278 343
278 583
278 648
279 300
279 779
279 823
280 301
280 910
280 932
281 302
281 997
281 1019
282 303
282 1084
282 1106
283 304
283 1171
283 1193
284 305
284 1258
284 1324
285 306
285 1368
285 1389
286 352
287 309
287 331
287 353
288 354
288 506
288 572
289 311
289 725
289 769
290 312
290 856
290 900
291 313
291 965
291 987
292 314
292 1052
292 1074
293 315
293 1139
293 1161
294 316
294 1226
294 1248
295 317
295 1357
295 1379
296 318
296 362
296 1488
296 1510
297 363
298 320
298 342
298 364
299 365
299 517
299 583
300 322
300 714
300 758
301 323
301 845
301 889
302 324
302 954
302 976
303 325
303 1041
303 1063
304 326
304 1128
304 1150
305 327
305 1215
305 1237
306 328
306 1346
306 1368
307 329
307 373
307 1477
307 1499
308 395
309 374
310 375
310 441
310 462
311 376
311 616
311 703
312 333
312 834
312 878
313 334
313 965
313 987
314 335
314 1052
314 1074
315 336
315 1139
315 1161
316 337
316 1226
316 1248
317 338
317 1313
317 1379
318 339
318 1444
318 1510
319 384
320 385
321 386
321 452
321 473
322 387
322 627
322 692
323 344
323 823
323 867
324 345
324 954
324 976
325 346
325 1041
325 1063
326 347
326 1128
326 1150
327 348
327 1215
327 1237
328 349
328 1281
328 1302
329 350
329 1433
329 1499
330 396
331 353
331 397
332 398
332 550
332 616
333 355
333 769
333 813
334 356
334 900
334 944
335 357
335 1009
335 1031
336 358
336 1096
336 1118
337 359
337 1183
337 1205
338 360
338 1270
338 1292
339 361
339 1423
339 1444
340 362
340 1532
340 1554
341 407
342 364
342 408
343 409
343 561
343 627
344 366
344 758
344 802
345 367
345 889
345 933
346 368
346 998
346 1020
347 369
347 1085
347 1107
348 370
348 1172
348 1194
349 371
349 1259
349 1281
350 372
350 1390
350 1412
351 373
351 1521
351 1543
352 439
353 418
354 419
354 485
354 506
355 420
355 660
355 747
356 377
356 878
356 922
357 378
357 1009
357 1031
358 379
358 1096
358 1118
359 380
359 1183
359 1205
360 381
360 1270
360 1292
361 382
361 1357
361 1401
362 1488
362 1554
363 428
364 429
365 430
365 496
365 517
366 431
366 671
366 736
367 388
367 867
367 911
368 389
368 998
368 1020
369 390
369 1085
369 1107
370 391
370 1172
370 1194
371 392
371 1238
371 1259
372 393
372 1346
372 1412
373 1477
373 1543
374 440
375 397
375 419
375 441
376 442
376 594
376 660
377 399
377 813
377 857
378 400
378 944
378 988
379 401
379 1053
379 1075
380 402
380 1140
380 1162
381 403
381 1227
381 1249
382 404
382 1314
382 1336
383 405
383 1423
383 1445
383 1467
384 406
384 450
385 451
386 408
386 430
386 452
387 453
387 605
387 671
388 410
388 802
388 846
389 411
389 933
389 977
390 412
390 1042
390 1064
391 413
391 1129
391 1151
392 414
392 1216
392 1238
393 415
393 1303
393 1325
394 416
394 438
394 1434
394 1456
395 417
395 461
396 483
397 462
398 463
398 529
398 550
399 464
399 704
399 791
400 421
400 922
400 966
401 422
401 1053
401 1075
402 423
402 1140
402 1162
403 424
403 1227
403 1249
404 425
404 1314
404 1336
405 426
405 1401
405 1467
406 427
406 1532
407 472
408 473
409 474
409 540
409 561
410 475
410 715
410 780
411 432
411 911
411 955
412 433
412 1042
412 1064
413 434
413 1129
413 1151
414 435
414 1195
414 1216
415 436
415 1303
415 1325
416 437
416 1390
416 1456
417 438
417 1521
418 484
419 441
419 485
420 486
420 638
420 704
421 443
421 857
421 901
422 444
422 988
422 1032
423 445
423 1097
423 1119
424 446
424 1184
424 1206
425 447
425 1271
425 1293
426 448
426 1358
426 1380
427 449
427 1489
427 1511
428 450
428 472
429 495
430 452
430 496
431 497
431 649
431 715
432 454
432 846
432 890
433 455
433 977
433 1021
434 456
434 1086
434 1108
435 457
435 1173
435 1195
436 458
436 1260
436 1282
437 459
437 1347
437 1369
438 460
438 1500
439 461
439 483
440 527
441 506
442 507
442 573
442 594
443 508
443 748
443 835
444 465
444 966
444 1010
445 466
445 1097
445 1119
446 467
446 1184
446 1206
447 468
447 1271
447 1293
448 469
448 1358
448 1380
449 470
449 1445
449 1511
450 1576
451 516
452 517
453 518
453 584
453 605
454 519
454 759
454 824
455 476
455 955
455 999
456 477
456 1086
456 1108
457 478
457 1152
457 1173
458 479
458 1260
458 1282
459 480
459 1347
459 1369
460 481
460 1434
460 1478
461 1565
462 528
463 485
463 507
463 529
464 530
464 682
464 748
465 487
465 901
465 945
466 488
466 1032
466 1076
467 489
467 1141
467 1163
468 490
468 1228
468 1250
469 491
469 1315
469 1337
470 492
470 1402
470 1424
471 493
471 537
471 1533
471 1555
472 494
473 539
474 496
474 518
474 540
475 541
475 693
475 759
476 498
476 890
476 934
477 499
477 1021
477 1065
478 500
478 1130
478 1152
479 501
479 1217
479 1239
480 502
480 1304
480 1326
481 503
481 1391
481 1413
482 504
482 1500
482 1522
482 1544
483 505
484 571
485 550
486 551
486 617
486 638
487 552
487 792
487 879
488 509
488 1010
488 1054
489 510
489 1141
489 1163
490 511
490 1228
490 1250
491 512
491 1315
491 1337
492 513
492 1402
492 1424
493 514
493 1468
493 1489
494 515
495 560
496 561
497 562
497 628
497 649
498 563
498 803
498 868
499 520
499 999
499 1043
500 521
500 1109
500 1130
501 522
501 1217
501 1239
502 523
502 1304
502 1326
503 524
503 1391
503 1413
504 525
504 1478
504 1544
505 526
506 572
507 529
507 573
508 574
508 726
508 792
509 531
509 945
509 989
510 532
510 1076
510 1120
511 533
511 1185
511 1207
512 534
512 1272
512 1294
513 535
513 1359
513 1381
514 536
514 1446
514 1468
515 1555
516 538
516 560
517 583
518 540
518 584
519 585
519 737
519 803
520 542
520 934
520 978
521 543
521 1065
521 1109
522 544
522 1174
522 1196
523 545
523 1261
523 1283
524 546
524 1348
524 1370
525 547
525 1435
525 1457
526 548
527 549
527 571
528 615
529 594
530 595
530 661
530 682
531 596
531 836
531 923
532 553
532 1054
532 1098
533 554
533 1185
533 1207
534 555
534 1272
534 1294
535 556
535 1359
535 1381
536 557
536 1425
536 1446
537 558
537 1533
538 559
539 604
540 605
541 606
541 672
541 693
542 607
542 847
542 912
543 564
543 1043
543 1087
544 565
544 1174
544 1196
545 566
545 1261
545 1283
546 567
546 1348
546 1370
547 568
547 1435
547 1457
548 569
548 1522
549 570
550 616
551 573
551 595
551 617
552 618
552 770
552 836
553 575
553 989
553 1033
554 576
554 1120
554 1164
555 577
555 1229
555 1251
556 578
556 1316
556 1338
557 579
557 1403
557 1425
558 580
558 1490
558 1512
559 581
560 582
561 627
562 584
562 606
562 628
563 629
563 781
563 847
564 586
564 978
564 1022
565 587
565 1131
565 1153
566 588
566 1218
566 1240
567 589
567 1305
567 1327
568 590
568 1392
568 1414
569 591
569 1479
569 1501
570 592
571 593
572 659
573 638
574 639
574 705
574 726
575 640
575 880
575 967
576 597
576 1098
576 1142
577 598
577 1229
577 1251
578 599
578 1316
578 1338
579 600
579 1382
579 1403
580 601
580 1490
580 1512
581 1577
582 603
583 648
584 649
585 650
585 716
585 737
586 651
586 891
586 956
587 608
587 1066
587 1087
588 609
588 1218
588 1240
589 610
589 1305
589 1327
590 611
590 1392
590 1414
591 612
591 1479
591 1501
592 1566
593 614
594 660
595 617
595 661
596 662
596 814
596 880
597 619
597 1033
597 1077
598 620
598 1164
598 1208
599 621
599 1273
599 1295
600 622
600 1360
600 1382
601 623
601 1447
601 1469
602 624
602 668
602 1534
602 1556
603 625
604 626
604 648
605 671
606 628
606 672
607 673
607 825
607 891
608 630
608 1022
608 1066
609 631
609 1153
609 1197
610 632
610 1262
610 1284
611 633
611 1349
611 1371
612 634
612 1436
612 1458
613 635
613 679
613 1523
613 1545
614 636
615 637
615 659
616 703
617 682
618 683
618 749
618 770
619 684
619 924
619 1011
620 641
620 1142
620 1186
621 642
621 1273
621 1295
622 643
622 1339
622 1360
623 644
623 1447
623 1469
624 645
624 1534
624 1556
625 646
626 647
627 692
628 693
629 694
629 760
629 781
630 695
630 935
630 1000
631 652
631 1131
631 1175
632 653
632 1262
632 1284
633 654
633 1349
633 1371
634 655
634 1436
634 1458
635 656
635 1523
635 1545
636 657
637 658
638 704
639 661
639 683
639 705
640 706
640 858
640 924
641 663
641 1077
641 1121
642 664
642 1208
642 1252
643 665
643 1317
643 1339
644 666
644 1404
644 1426
645 667
645 1491
645 1513
646 668
647 669
648 670
649 715
650 672
650 694
650 716
651 717
651 869
651 935
652 674
652 1044
652 1110
653 675
653 1197
653 1241
654 676
654 1306
654 1328
655 677
655 1393
655 1415
656 678
656 1480
656 1502
657 679
658 680
659 681
660 747
661 726
662 727
662 793
662 814
663 728
663 968
663 1055
664 685
664 1186
664 1230
665 686
665 1296
665 1317
666 687
666 1404
666 1426
667 688
667 1491
667 1513
668 1578
669 690
670 691
671 736
672 737
673 738
673 804
673 825
674 739
674 979
674 1044
675 696
675 1175
675 1219
676 697
676 1306
676 1328
677 698
677 1393
677 1415
678 699
678 1480
678 1502
679 1567
680 701
681 702
682 748
683 705
683 749
684 750
684 902
684 968
685 707
685 1121
685 1165
686 708
686 1252
686 1296
687 709
687 1361
687 1383
688 710
688 1448
688 1470
689 711
689 755
689 1535
689 1557
690 712
691 713
692 714
692 736
693 759
694 716
694 760
695 761
695 913
695 979
696 718
696 1110
696 1154
697 719
697 1241
697 1285
698 720
698 1350
698 1372
699 721
699 1437
699 1459
700 722
700 766
700 1524
700 1546
701 723
702 724
703 725
703 747
704 791
705 770
706 771
706 837
706 858
707 772
707 1012
707 1099
708 729
708 1230
708 1274
709 730
709 1361
709 1383
710 731
710 1448
710 1470
711 732
711 1535
711 1557
712 733
713 734
714 735
715 780
716 781
717 782
717 848
717 869
718 783
718 1023
718 1088
719 740
719 1219
719 1263
720 741
720 1350
720 1372
721 742
721 1437
721 1459
722 743
722 1524
722 1546
723 744
724 745
725 746
726 792
727 749
727 771
727 793
728 794
728 946
728 1012
729 751
729 1165
729 1209
730 752
730 1318
730 1340
731 753
731 1405
731 1427
732 754
732 1492
732 1514
733 755
734 756
735 757
736 758
737 803
738 760
738 782
738 804
739 805
739 957
739 1023
740 762
740 1154
740 1198
741 763
741 1285
741 1329
742 764
742 1394
742 1416
743 765
743 1481
743 1503
744 766
745 767
746 768
747 769
748 835
749 814
750 815
750 881
750 902
751 816
751 1056
751 1143
752 773
752 1253
752 1274
753 774
753 1405
753 1427
754 775
754 1492
754 1514
755 1579
756 777
757 778
758 779
759 824
760 825
761 826
761 892
761 913
762 827
762 1067
762 1132
763 784
763 1263
763 1307
764 785
764 1394
764 1416
765 786
765 1481
765 1503
766 1568
767 788
768 789
769 790
770 836
771 793
771 837
772 838
772 990
772 1056
773 795
773 1209
773 1253
774 796
774 1340
774 1384
775 797
775 1449
775 1471
776 798
776 842
776 1536
776 1558
777 799
778 800
779 801
780 802
780 824
781 847
782 804
782 848
783 849
783 1001
783 1067
784 806
784 1198
784 1242
785 807
785 1329
785 1373
786 808
786 1438
786 1460
787 809
787 853
787 1525
787 1547
788 810
789 811
790 812
791 813
791 835
792 879
793 858
794 859
794 925
794 946
795 860
795 1100
795 1187
796 817
796 1318
796 1362
797 818
797 1449
797 1471
798 819
798 1536
798 1558
799 820
800 821
801 822
802 823
803 868
804 869
805 870
805 936
805 957
806 871
806 1111
806 1176
807 828
807 1307
807 1351
808 829
808 1438
808 1460
809 830
809 1525
809 1547
810 831
811 832
812 833
813 834
814 880
815 837
815 859
815 881
816 882
816 1034
816 1100
817 839
817 1231
817 1297
818 840
818 1384
818 1428
819 841
819 1493
819 1515
820 842
821 843
822 844
823 845
824 846
825 891
826 848
826 870
826 892
827 893
827 1045
827 1111
828 850
828 1242
828 1286
829 851
829 1373
829 1417
830 852
830 1482
830 1504
831 853
832 854
833 855
834 856
835 857
836 923
837 902
838 903
838 969
838 990
839 904
839 1144
839 1231
840 861
840 1362
840 1406
841 862
841 1493
841 1515
842 1580
843 864
844 865
845 866
846 867
847 912
848 913
849 914
849 980
849 1001
850 915
850 1155
850 1220
851 872
851 1351
851 1395
852 873
852 1482
852 1504
853 1569
854 875
855 876
856 877
857 878
858 924
859 881
859 925
860 926
860 1078
860 1144
861 883
861 1297
861 1341
862 884
862 1428
862 1472
863 885
863 929
863 1537
863 1559
864 886
865 887
866 888
867 889
868 890
868 912
869 935
870 892
870 936
871 937
871 1089
871 1155
872 894
872 1286
872 1330
873 895
873 1417
873 1461
874 896
874 940
874 1526
874 1548
875 897
876 898
877 899
878 900
879 901
879 923
880 967
881 946
882 947
882 1013
882 1034
883 948
883 1188
883 1275
884 905
884 1406
884 1450
885 906
885 1537
885 1559
886 907
887 908
888 909
889 910
890 911
891 956
892 957
893 958
893 1024
893 1045
894 959
894 1199
894 1264
895 916
895 1395
895 1439
896 917
896 1526
896 1548
897 918
898 919
899 920
900 921
901 922
902 968
903 925
903 947
903 969
904 970
904 1122
904 1188
905 927
905 1341
905 1385
906 928
906 1472
906 1516
907 929
908 930
909 931
910 932
911 933
912 934
913 979
914 936
914 958
914 980
915 981
915 1133
915 1199
916 938
916 1330
916 1374
917 939
917 1461
917 1505
918 940
919 941
920 942
921 943
922 944
923 945
924 1011
925 990
926 991
926 1057
926 1078
927 992
927 1232
927 1319
928 949
928 1450
928 1494
929 1581
930 951
931 952
932 953
933 954
934 955
935 1000
936 1001
937 1002
937 1068
937 1089
938 1003
938 1243
938 1308
939 960
939 1439
939 1483
940 1570
941 962
942 963
943 964
944 965
945 966
946 1012
947 969
947 1013
948 1014
948 1166
948 1232
949 971
949 1385
949 1429
950 972
950 1516
950 1538
950 1560
951 973
952 974
953 975
954 976
955 977
956 978
956 1000
957 1023
958 980
958 1024
959 1025
959 1177
959 1243
960 982
960 1374
960 1418
961 983
961 1505
961 1527
961 1549
962 984
963 985
964 986
965 987
966 988
967 989
967 1011
968 1055
969 1034
970 1035
970 1101
970 1122
971 1036
971 1276
971 1363
972 993
972 1473
972 1494
973 994
974 995
975 996
976 997
977 998
978 999
979 1044
980 1045
981 1046
981 1112
981 1133
982 1047
982 1287
982 1352
983 1004
983 1462
983 1483
984 1005
985 1006
986 1007
987 1008
988 1009
989 1010
990 1056
991 1013
991 1035
991 1057
992 1058
992 1210
992 1276
993 1015
993 1429
993 1473
994 1560
995 1017
996 1018
997 1019
998 1020
999 1021
1000 1022
1001 1067
1002 1024
1002 1046
1002 1068
1003 1069
1003 1221
1003 1287
1004 1026
1004 1418
1004 1462
1005 1549
1006 1028
1007 1029
1008 1030
1009 1031
1010 1032
1011 1033
1012 1099
1013 1078
1014 1079
1014 1145
1014 1166
1015 1080
1015 1320
1015 1407
1016 1037
1016 1081
1016 1517
1016 1538
1017 1038
1018 1039
1019 1040
1020 1041
1021 1042
1022 1043
1023 1088
1024 1089
1025 1090
1025 1156
1025 1177
1026 1091
1026 1331
1026 1396
1027 1048
1027 1092
1027 1506
1027 1527
1028 1049
1029 1050
1030 1051
1031 1052
1032 1053
1033 1054
1034 1100
1035 1057
1035 1101
1036 1102
1036 1254
1036 1320
1037 1059
1037 1451
1037 1517
1038 1060
1039 1061
1040 1062
1041 1063
1042 1064
1043 1065
1044 1066
1045 1111
1046 1068
1046 1112
1047 1113
1047 1265
1047 1331
1048 1070
1048 1440
1048 1506
1049 1071
1050 1072
1051 1073
1052 1074
1053 1075
1054 1076
1055 1077
1055 1099
1056 1143
1057 1122
1058 1123
1058 1189
1058 1210
1059 1124
1059 1364
1059 1451
1060 1081
1060 1582
1061 1082
1062 1083
1063 1084
1064 1085
1065 1086
1066 1087
1067 1132
1068 1133
1069 1134
1069 1200
1069 1221
1070 1135
1070 1375
1070 1440
1071 1571
1072 1093
1073 1094
1074 1095
1075 1096
1076 1097
1077 1098
1078 1144
1079 1101
1079 1123
1079 1145
1080 1146
1080 1298
1080 1364
1081 1103
1081 1561
1082 1104
1083 1105
1084 1106
1085 1107
1086 1108
1087 1109
1088 1110
1088 1132
1089 1155
1090 1112
1090 1134
1090 1156
1091 1157
1091 1309
1091 1375
1092 1114
1092 1484
1092 1550
1093 1115
1094 1116
1095 1117
1096 1118
1097 1119
1098 1120
1099 1121
1100 1187
1101 1166
1102 1167
1102 1233
1102 1254
1103 1168
1103 1408
1103 1495
1104 1125
1105 1126
1106 1127
1107 1128
1108 1129
1109 1130
1110 1131
1111 1176
1112 1177
1113 1178
1113 1244
1113 1265
1114 1179
1114 1419
1114 1484
1115 1136
1116 1137
1117 1138
1118 1139
1119 1140
1120 1141
1121 1142
1122 1188
1123 1145
1123 1189
1124 1190
1124 1342
1124 1408
1125 1147
1126 1148
1127 1149
1128 1150
1129 1151
1130 1152
1131 1153
1132 1154
1133 1199
1134 1156
1134 1200
1135 1201
1135 1353
1135 1419
1136 1158
1137 1159
1138 1160
1139 1161
1140 1162
1141 1163
1142 1164
1143 1165
1143 1187
1144 1231
1145 1210
1146 1211
1146 1277
1146 1298
1147 1212
1147 1539
1147 1561
1148 1169
1149 1170
1150 1171
1151 1172
1152 1173
1153 1174
1154 1175
1155 1220
1156 1221
1157 1222
1157 1288
1157 1309
1158 1223
1158 1528
1158 1550
1159 1180
1160 1181
1161 1182
1162 1183
1163 1184
1164 1185
1165 1186
1166 1232
1167 1189
1167 1211
1167 1233
1168 1234
1168 1386
1168 1452
1169 1191
1170 1192
1171 1193
1172 1194
1173 1195
1174 1196
1175 1197
1176 1198
1176 1220
1177 1243
1178 1200
1178 1222
1178 1244
1179 1245
1179 1397
1179 1463
1180 1202
1181 1203
1182 1204
1183 1205
1184 1206
1185 1207
1186 1208
1187 1209
1188 1275
1189 1254
1190 1255
1190 1321
1190 1342
1191 1256
1191 1583
1192 1213
1193 1214
1194 1215
1195 1216
1196 1217
1197 1218
1198 1219
1199 1264
1200 1265
1201 1266
1201 1332
1201 1353
1202 1267
1202 1572
1203 1224
1204 1225
1205 1226
1206 1227
1207 1228
1208 1229
1209 1230
1210 1276
1211 1233
1211 1277
1212 1278
1212 1430
1212 1496
1213 1235
1214 1236
1215 1237
1216 1238
1217 1239
1218 1240
1219 1241
1220 1242
1221 1287
1222 1244
1222 1288
1223 1289
1223 1441
1223 1507
1224 1246
1225 1247
1226 1248
1227 1249
1228 1250
1229 1251
1230 1252
1231 1253
1232 1319
1233 1298
1234 1299
1234 1365
1234 1452
1235 1300
1236 1257
1237 1258
1238 1259
1239 1260
1240 1261
1241 1262
1242 1263
1243 1308
1244 1309
1245 1310
1245 1376
1245 1463
1246 1311
1247 1268
1248 1269
1249 1270
1250 1271
1251 1272
1252 1273
1253 1274
1254 1320
1255 1277
1255 1321
1255 1386
1256 1474
1256 1540
1257 1279
1258 1280
1259 1281
1260 1282
1261 1283
1262 1284
1263 1285
1264 1286
1264 1308
1265 1331
1266 1288
1266 1332
1266 1397
1267 1485
1267 1551
1268 1290
1269 1291
1270 1292
1271 1293
1272 1294
1273 1295
1274 1296
1275 1297
1275 1319
1276 1363
1277 1342
1278 1343
1278 1409
1278 1496
1279 1344
1280 1301
1281 1302
1282 1303
1283 1304
1284 1305
1285 1306
1286 1307
1287 1352
1288 1353
1289 1354
1289 1420
1289 1507
1290 1355
1291 1312
1292 1313
1293 1314
1294 1315
1295 1316
1296 1317
1297 1318
1298 1364
1299 1321
1299 1365
1299 1430
1300 1518
1301 1323
1302 1324
1303 1325
1304 1326
1305 1327
1306 1328
1307 1329
1308 1330
1309 1375
1310 1332
1310 1376
1310 1441
1311 1529
1312 1334
1313 1335
1314 1336
1315 1337
1316 1338
1317 1339
1318 1340
1319 1341
1320 1407
1321 1386
1322 1387
1322 1409
1322 1453
1322 1474
1323 1388
1324 1345
1325 1346
1326 1347
1327 1348
1328 1349
1329 1350
1330 1351
1331 1396
1332 1397
1333 1398
1333 1420
1333 1464
1333 1485
1334 1399
1335 1356
1336 1357
1337 1358
1338 1359
1339 1360
1340 1361
1341 1362
1342 1408
1343 1365
1343 1387
1343 1409
1344 1562
1345 1367
1346 1368
1347 1369
1348 1370
1349 1371
1350 1372
1351 1373
1352 1374
1352 1396
1353 1419
1354 1376
1354 1398
1354 1420
1355 1573
1356 1378
1357 1379
1358 1380
1359 1381
1360 1382
1361 1383
1362 1384
1363 1385
1363 1407
1364 1451
1365 1430
1366 1431
1366 1453
1366 1497
1367 1432
1368 1389
1369 1390
1370 1391
1371 1392
1372 1393
1373 1394
1374 1395
1375 1440
1376 1441
1377 1442
1377 1464
1377 1508
1378 1443
1379 1400
1380 1401
1381 1402
1382 1403
1383 1404
1384 1405
1385 1406
1386 1452
1387 1431
1387 1453
1388 1454
1389 1411
1390 1412
1391 1413
1392 1414
1393 1415
1394 1416
1395 1417
1396 1418
1397 1463
1398 1442
1398 1464
1399 1465
1400 1422
1401 1423
1402 1424
1403 1425
1404 1426
1405 1427
1406 1428
1407 1429
1408 1495
1409 1474
1410 1475
1410 1497
1410 1539
1411 1476
1412 1433
1413 1434
1414 1435
1415 1436
1416 1437
1417 1438
1418 1439
1419 1484
1420 1485
1421 1486
1421 1508
1422 1487
1423 1444
1424 1445
1425 1446
1426 1447
1427 1448
1428 1449
1429 1450
1430 1496
1431 1497
1432 1498
1433 1455
1434 1456
1435 1457
1436 1458
1437 1459
1438 1460
1439 1461
1440 1462
1441 1507
1442 1508
1443 1509
1444 1466
1445 1467
1446 1468
1447 1469
1448 1470
1449 1471
1450 1472
1451 1473
1452 1539
1453 1518
1454 1519
1455 1520
1456 1477
1457 1478
1458 1479
1459 1480
1460 1481
1461 1482
1462 1483
1463 1528
1464 1529
1465 1530
1466 1531
1467 1488
1468 1489
1469 1490
1470 1491
1471 1492
1472 1493
1473 1494
1474 1540
1475 1541
1476 1542
1477 1499
1478 1500
1479 1501
1480 1502
1481 1503
1482 1504
1483 1505
1484 1506
1485 1551
1486 1552
1487 1553
1488 1510
1489 1511
1490 1512
1491 1513
1492 1514
1493 1515
1494 1516
1495 1517
1496 1583
1497 1562
1498 1563
1499 1564
1500 1521
1501 1522
1502 1523
1503 1524
1504 1525
1505 1526
1506 1527
1507 1572
1508 1573
1509 1574
1510 1575
1511 1532
1512 1533
1513 1534
1514 1535
1515 1536
1516 1537
1517 1538
1518 1540
1519 1541
1520 1542
1521 1543
1522 1544
1523 1545
1524 1546
1525 1547
1526 1548
1527 1549
1528 1550
1529 1551
1530 1552
1531 1553
1532 1554
1533 1555
1534 1556
1535 1557
1536 1558
1537 1559
1538 1560
1539 1561
1540 1583
1541 1562
1542 1563
1543 1564
1544 1565
1545 1566
1546 1567
1547 1568
1548 1569
1549 1570
1550 1571
1551 1572
1552 1573
1553 1574
1554 1575
1555 1576
1556 1577
1557 1578
1558 1579
1559 1580
1560 1581
1561 1582
1562 1563
1563 1564
1564 1565
1565 1566
1566 1567
1567 1568
1568 1569
1569 1570
1570 1571
1571 1572
1572 1573
1573 1574
1574 1575
1575 1576
1576 1577
1577 1578
1578 1579
1579 1580
1580 1581
1581 1582
1582 1583
