0 66
0 88
0 1562
1 22
1 1474
1 1563
2 23
2 1368
2 1520
3 68
3 1456
3 1521
4 69
4 135
4 1522
5 70
5 1523
5 1567
6 27
6 71
6 1568
7 28
7 1547
7 1569
8 29
8 52
8 1570
9 30
9 1548
9 1571
10 31
10 54
10 1572
11 32
11 55
11 1573
12 33
12 1530
12 1574
13 34
13 1379
13 1531
14 79
14 1467
14 1532
15 80
15 146
15 1533
16 81
16 1534
16 1578
17 38
17 82
17 1579
18 39
18 62
18 1580
19 40
19 1559
19 1581
20 41
20 64
20 1582
21 42
21 1561
21 1583
22 44
22 1453
23 45
23 1542
24 90
24 1390
24 1543
25 47
25 91
25 1544
26 92
26 244
26 1545
27 49
27 93
28 50
28 1568
29 51
29 73
30 52
30 1526
31 53
31 75
32 54
32 1572
33 55
33 1552
34 56
34 1553
35 101
35 1401
35 1554
36 58
36 102
36 1555
37 103
37 255
37 1556
38 60
38 104
39 61
39 1579
40 62
40 1580
41 63
41 1581
42 64
42 1582
43 45
43 87
43 1563
44 87
44 1540
45 66
46 67
46 1412
46 1564
47 112
47 1565
48 113
48 179
48 1566
49 114
49 1567
50 71
50 137
51 72
51 95
52 1504
53 74
53 97
54 75
55 76
56 77
56 1574
57 78
57 1423
57 1575
58 123
58 1576
59 124
59 190
59 1577
60 125
60 1578
61 82
61 126
62 83
63 84
63 107
64 85
65 86
65 109
65 197
66 88
67 89
67 133
68 134
68 1434
69 91
69 135
70 136
70 288
71 93
72 94
72 160
73 95
73 1525
74 96
74 118
75 97
76 98
76 120
77 99
77 121
78 100
78 144
79 145
79 1445
80 102
80 146
81 147
81 299
82 104
83 105
83 127
84 106
84 128
85 107
85 129
86 108
86 174
87 109
88 131
89 110
89 154
90 111
90 155
91 156
92 157
92 223
93 158
94 115
94 139
95 116
96 117
96 140
97 118
98 119
98 142
99 120
99 143
100 121
100 165
101 122
101 166
102 167
103 168
103 234
104 169
105 126
105 170
106 127
106 150
107 128
108 129
108 153
109 130
110 132
110 176
111 133
111 177
112 178
112 1478
113 157
113 179
114 180
114 332
115 137
115 226
116 138
116 289
117 139
117 1569
118 140
119 141
119 163
120 142
121 143
122 144
122 188
123 189
123 1489
124 168
124 190
125 191
125 343
126 148
127 149
128 150
129 151
130 175
130 218
131 153
131 1583
132 175
132 219
133 154
134 155
134 1500
135 200
136 201
136 267
137 202
138 159
138 182
139 160
140 161
141 162
141 185
142 163
143 164
144 165
145 166
145 1511
146 211
147 212
147 278
148 213
148 235
149 170
149 214
150 171
151 172
151 195
152 173
152 196
152 284
153 174
154 176
155 177
156 222
156 1522
157 223
158 224
158 376
159 181
159 225
160 182
161 183
161 205
162 184
162 206
163 185
164 186
164 208
165 187
166 188
167 233
167 1533
168 234
169 235
169 387
170 192
171 193
171 215
172 194
172 216
173 195
173 217
174 196
175 197
176 219
177 198
178 199
178 1544
179 244
180 245
180 311
181 246
181 247
182 355
183 204
183 227
184 205
184 228
185 206
186 207
186 230
187 208
187 231
188 209
189 210
189 1555
190 255
191 256
191 322
192 257
192 279
193 214
193 258
194 215
194 238
195 261
196 217
197 218
198 220
198 242
199 221
199 265
200 266
200 1566
201 245
201 267
202 268
202 420
203 224
203 225
203 507
204 226
204 248
205 227
206 228
207 229
207 251
208 230
209 231
209 253
210 232
210 276
211 277
211 1577
212 256
212 278
213 279
213 431
214 236
215 237
216 238
216 240
217 239
218 240
219 241
220 263
220 264
221 242
221 286
222 243
222 287
223 288
224 289
225 269
226 247
227 248
228 249
229 250
229 273
230 251
231 252
232 253
232 297
233 254
233 298
234 299
235 300
236 301
236 323
237 258
237 302
238 259
239 305
239 327
240 261
241 262
241 285
242 264
243 265
243 309
244 310
245 311
246 312
246 464
247 269
248 270
249 271
249 293
250 272
250 294
251 273
252 274
252 296
253 275
254 276
254 320
255 321
256 322
257 323
257 475
258 280
259 281
259 303
260 282
260 304
260 392
261 283
262 284
262 306
263 285
263 307
264 307
265 286
266 287
266 331
267 332
268 313
268 333
269 442
270 291
270 335
271 292
271 315
272 293
272 316
273 294
274 295
274 318
275 296
275 319
276 297
277 298
277 342
278 343
279 344
280 345
280 367
281 302
281 346
282 283
282 303
283 304
284 305
285 306
286 308
287 309
288 354
289 355
290 356
290 421
290 508
291 313
291 357
292 314
292 336
293 315
294 316
295 317
295 339
296 318
297 319
298 320
299 365
300 344
300 366
301 367
301 519
302 324
303 348
304 326
305 327
306 328
307 329
308 351
308 352
309 330
310 331
310 375
311 376
312 334
312 377
313 378
314 335
314 379
315 336
316 337
317 338
317 361
318 339
319 340
320 341
321 342
321 386
322 387
323 388
324 389
324 411
325 346
325 369
325 390
326 349
326 371
327 348
328 349
328 372
329 350
329 373
330 352
330 374
331 353
332 398
333 399
333 465
334 400
334 552
335 357
336 358
337 359
337 381
338 360
338 382
339 361
340 362
340 384
341 363
341 385
342 364
343 409
344 410
345 411
345 563
346 368
347 369
347 391
347 436
348 370
349 371
350 372
350 394
351 373
351 395
352 395
353 374
353 397
354 375
354 419
355 420
356 421
356 487
357 422
358 379
358 423
359 380
359 403
360 381
360 404
361 382
362 383
362 406
363 384
363 407
364 385
364 408
365 386
365 430
366 431
366 453
367 432
368 433
368 455
369 370
370 391
371 392
372 393
373 394
374 396
375 397
376 442
377 443
377 552
378 444
378 596
379 401
380 402
380 424
381 403
382 404
383 405
383 427
384 406
385 407
386 408
387 453
388 410
388 454
389 455
389 607
390 412
390 456
391 413
392 414
393 415
393 437
394 416
395 417
396 439
396 440
397 418
398 419
398 463
399 400
399 464
400 465
401 466
401 488
402 423
402 467
403 424
404 425
405 426
405 449
406 427
407 428
408 429
409 430
409 474
410 475
411 476
412 477
412 499
413 434
413 1044
414 434
414 435
415 436
415 459
416 437
416 460
417 438
417 461
418 440
418 462
419 441
420 486
421 487
422 488
422 640
423 445
424 446
425 447
425 469
426 448
426 470
427 449
428 450
428 472
429 451
429 473
430 452
431 497
432 454
432 498
433 499
433 651
434 456
435 457
435 478
436 458
437 459
438 460
438 482
439 461
439 483
440 483
441 462
441 485
442 463
443 487
443 508
444 509
444 575
445 510
445 532
446 467
446 511
447 468
447 491
448 469
448 492
449 470
450 471
450 494
451 472
451 495
452 473
452 496
453 474
454 519
455 520
456 521
457 502
457 1067
458 479
458 500
459 480
460 481
461 482
462 484
463 485
464 530
465 531
466 532
466 684
467 489
468 490
468 512
469 491
470 492
471 493
471 515
472 494
473 495
474 496
475 541
476 498
476 542
477 543
477 695
478 500
478 544
479 501
479 609
480 502
480 524
481 503
481 525
482 504
483 505
484 527
484 528
485 506
486 507
486 531
488 553
489 554
489 576
490 511
490 555
491 512
492 513
493 514
493 537
494 515
495 516
496 517
497 518
497 562
498 563
499 564
500 565
501 522
501 544
502 523
503 524
503 547
504 525
504 548
505 526
505 549
506 528
506 550
507 529
508 574
509 553
509 575
510 576
510 728
511 533
512 534
513 535
513 557
514 536
514 558
515 537
516 538
516 560
517 539
517 561
518 540
518 584
519 585
520 542
520 586
521 587
521 739
522 544
522 546
523 545
523 719
524 546
525 547
526 548
526 570
527 549
527 571
528 571
529 550
529 572
530 551
530 639
531 596
532 597
533 598
533 620
534 555
534 599
535 556
535 579
536 557
536 580
537 558
538 559
538 582
539 560
539 583
540 561
540 605
541 562
541 606
542 607
543 608
543 674
545 566
545 653
546 567
547 568
548 569
549 570
550 572
551 573
551 618
552 618
553 619
554 620
554 772
555 577
556 578
556 600
557 579
558 580
559 581
559 603
560 582
561 583
562 584
563 629
564 586
564 630
565 631
565 783
566 588
566 632
567 589
567 763
568 590
568 612
569 591
569 613
570 592
571 593
572 615
573 594
573 705
574 595
574 639
575 640
576 641
577 598
577 642
578 599
578 643
579 600
580 601
581 602
581 625
582 603
583 604
584 605
585 606
585 650
586 651
587 652
587 718
588 609
588 653
589 610
589 697
590 611
590 634
591 612
591 635
592 613
592 636
593 614
593 637
594 616
594 748
595 617
595 661
596 662
597 619
597 663
598 816
599 621
600 622
601 623
601 645
602 624
602 646
603 625
604 626
604 648
605 627
606 628
607 673
608 630
608 674
609 827
610 632
610 676
611 633
611 785
612 634
613 635
614 636
614 658
615 637
615 680
616 659
616 791
617 638
617 682
618 639
619 684
620 685
621 686
621 708
622 643
622 687
623 644
623 667
624 645
624 668
625 646
626 647
626 670
627 648
627 671
628 649
628 672
629 650
629 694
630 695
631 696
631 762
632 1111
633 654
633 741
634 655
635 656
636 657
637 658
638 660
638 726
640 706
641 663
641 707
642 708
642 860
643 665
644 666
644 688
645 667
646 668
647 669
647 691
648 670
649 671
649 693
650 672
651 717
652 718
652 783
653 871
654 676
654 720
655 677
655 829
656 678
656 679
657 679
657 1395
658 680
659 681
659 813
660 703
660 704
661 682
661 705
662 683
662 727
663 728
664 729
664 751
664 795
665 730
665 752
666 687
666 731
667 688
668 689
669 690
669 713
670 691
671 692
672 693
673 694
673 738
674 739
675 740
675 806
675 827
676 1155
677 698
677 808
678 699
678 852
679 700
680 701
681 702
681 812
682 704
683 705
683 749
684 750
685 707
685 751
686 752
686 904
687 709
688 710
689 711
689 733
690 712
690 734
691 713
692 714
692 736
693 715
694 716
695 761
696 740
696 762
697 763
697 915
698 720
698 764
699 721
699 830
700 722
700 853
701 723
701 832
702 724
702 790
703 725
703 747
704 747
706 727
706 771
707 772
708 773
709 774
709 796
710 731
710 775
711 732
711 755
712 733
712 756
713 734
714 735
714 758
715 736
715 759
716 737
716 760
717 738
717 782
718 783
719 784
719 850
720 1199
721 742
721 786
722 743
722 831
723 744
723 811
724 745
724 768
725 746
725 769
726 748
726 770
727 749
728 794
729 773
729 795
730 796
730 948
731 753
732 754
732 776
733 755
734 756
735 757
735 779
736 758
737 759
737 781
738 760
739 805
740 806
741 807
741 959
742 764
742 1264
743 765
743 809
744 766
744 788
745 767
745 789
746 768
746 790
747 769
748 791
749 770
750 771
750 815
751 816
752 817
753 818
753 840
754 775
754 819
755 776
756 777
757 778
757 801
758 779
759 780
760 781
761 782
761 826
762 827
763 828
764 829
765 786
765 830
766 787
766 810
767 788
767 1482
768 789
769 790
770 792
771 793
772 838
773 839
774 840
774 992
775 797
776 798
777 799
777 821
778 800
778 822
779 801
780 802
780 824
781 803
782 804
784 850
784 915
785 851
785 1003
786 808
787 809
787 831
788 810
789 811
791 813
792 835
792 836
793 814
793 837
794 815
794 859
795 860
796 861
797 862
797 884
798 819
798 863
799 820
799 843
800 821
800 844
801 822
802 823
802 846
803 824
803 847
804 825
804 848
805 826
805 870
806 871
807 872
807 938
808 873
809 830
810 831
811 832
812 833
812 856
813 834
814 836
814 858
815 837
816 882
817 839
817 883
818 884
818 1036
819 841
820 842
820 864
821 843
822 844
823 845
823 867
824 846
825 847
825 869
826 848
828 894
828 959
829 1047
832 854
833 855
833 877
834 856
834 878
835 857
835 879
836 879
837 858
838 859
838 903
839 904
840 905
841 906
841 928
842 863
842 907
843 864
844 865
845 866
845 889
846 867
847 868
848 1022
849 870
849 914
849 1023
850 937
851 916
851 982
852 917
852 939
853 874
853 918
854 875
854 898
855 876
855 899
856 877
857 878
857 901
858 880
859 881
860 926
861 883
861 927
862 928
862 1080
863 885
864 886
865 887
865 909
866 888
866 910
867 889
868 890
868 1021
869 891
869 1000
870 1001
871 1045
872 938
872 1003
873 939
873 1091
874 896
874 940
875 897
875 919
876 898
876 920
877 899
878 900
879 901
880 923
880 924
881 902
881 925
882 903
882 947
883 948
884 949
885 950
885 972
886 907
886 951
887 908
887 931
888 909
888 1041
889 1020
890 999
890 1042
891 978
891 1043
892 957
892 1066
892 1088
893 914
893 958
893 1024
894 981
894 1025
895 960
895 1026
895 1047
896 961
896 983
897 918
897 962
898 919
899 920
900 921
900 944
901 922
902 924
902 946
903 925
904 970
905 927
905 971
906 972
906 1124
907 929
908 930
908 952
909 1063
910 932
910 998
911 933
911 955
911 1064
912 934
912 956
912 1065
913 935
913 979
913 1087
914 980
915 1089
916 960
916 982
917 983
917 1135
918 940
919 941
920 942
921 943
921 965
922 944
922 966
923 945
923 967
924 967
925 946
926 947
926 991
927 992
928 993
929 994
929 1016
930 951
930 995
931 952
931 1084
932 976
932 1085
933 954
933 977
934 955
934 1086
935 956
935 1110
936 957
936 1132
936 1154
937 958
937 1002
938 1133
939 1004
940 1005
941 962
941 1006
942 963
942 986
943 964
943 987
944 965
945 966
945 989
946 968
947 969
948 1014
949 971
949 1015
950 1016
950 1168
951 973
952 1106
953 997
953 1107
953 1128
954 976
954 1108
955 977
956 978
957 979
958 980
959 1068
960 1026
961 1027
961 1179
962 984
963 985
963 1007
964 986
964 1008
965 987
966 988
967 989
968 1011
968 1012
969 990
969 1013
970 991
970 1035
971 1036
972 1037
973 1038
973 1060
974 995
974 1127
974 1171
975 996
975 1019
975 1150
976 997
977 998
978 999
979 1000
980 1001
981 1002
981 1046
982 1177
983 1048
984 1049
984 1071
985 1006
985 1050
986 1007
987 1008
988 1009
988 1032
989 1010
990 1012
990 1034
991 1013
992 1058
993 1015
993 1059
994 1060
994 1212
995 1017
996 1018
996 1040
997 1019
998 1020
999 1021
1000 1022
1001 1023
1002 1024
1003 1112
1004 1048
1004 1070
1005 1071
1005 1223
1006 1028
1007 1029
1008 1030
1009 1031
1009 1053
1010 1032
1010 1054
1011 1033
1011 1055
1012 1055
1013 1034
1014 1035
1014 1079
1015 1080
1016 1081
1017 1082
1017 1104
1018 1083
1018 1237
1019 1040
1020 1041
1021 1042
1022 1043
1023 1044
1024 1045
1025 1046
1025 1090
1026 1091
1027 1092
1027 1158
1028 1093
1028 1115
1029 1050
1029 1094
1030 1051
1030 1074
1031 1052
1031 1075
1032 1053
1033 1054
1033 1077
1034 1056
1035 1057
1036 1102
1037 1059
1037 1103
1038 1104
1038 1256
1039 1061
1039 1062
1039 1105
1040 1062
1041 1063
1042 1064
1043 1065
1044 1066
1045 1067
1046 1068
1047 1156
1048 1114
1049 1115
1049 1267
1050 1072
1051 1073
1051 1095
1052 1074
1052 1096
1053 1075
1054 1076
1055 1077
1056 1099
1056 1100
1057 1078
1057 1101
1058 1079
1058 1123
1059 1124
1060 1125
1061 1126
1061 1149
1062 1083
1063 1084
1064 1085
1065 1086
1066 1087
1067 1088
1068 1089
1069 1090
1069 1134
1069 1220
1070 1135
1070 1157
1071 1136
1072 1137
1072 1159
1073 1094
1073 1138
1074 1095
1075 1096
1076 1097
1076 1120
1077 1098
1078 1100
1078 1122
1079 1101
1080 1146
1081 1103
1081 1147
1082 1193
1082 1300
1083 1105
1084 1106
1085 1107
1086 1108
1087 1109
1088 1110
1089 1111
1090 1112
1091 1243
1092 1114
1092 1158
1093 1159
1093 1311
1094 1116
1095 1117
1096 1118
1097 1119
1097 1141
1098 1120
1098 1142
1099 1121
1099 1143
1100 1143
1101 1122
1102 1123
1102 1167
1103 1168
1104 1169
1105 1170
1106 1127
1107 1128
1108 1129
1109 1130
1109 1153
1110 1131
1111 1132
1112 1133
1113 1134
1113 1178
1113 1200
1114 1179
1115 1180
1116 1181
1116 1203
1117 1138
1117 1182
1118 1139
1118 1162
1119 1140
1119 1163
1120 1141
1121 1142
1121 1165
1122 1144
1123 1145
1124 1190
1125 1147
1125 1191
1126 1236
1126 1324
1127 1149
1128 1150
1129 1151
1129 1173
1130 1152
1130 1174
1131 1153
1131 1175
1132 1154
1133 1155
1134 1156
1135 1201
1136 1180
1136 1202
1137 1203
1137 1355
1138 1160
1139 1161
1139 1183
1140 1162
1140 1184
1141 1163
1142 1164
1143 1165
1144 1187
1144 1188
1145 1166
1145 1189
1146 1167
1146 1211
1147 1212
1148 1213
1148 1279
1148 1345
1149 1214
1150 1171
1151 1172
1151 1195
1152 1173
1152 1196
1153 1174
1154 1175
1155 1176
1156 1177
1157 1178
1157 1221
1158 1223
1159 1224
1160 1225
1160 1247
1161 1182
1161 1226
1162 1183
1163 1184
1164 1185
1164 1208
1165 1186
1166 1188
1166 1210
1167 1189
1168 1234
1169 1191
1169 1235
1170 1236
1170 1388
1171 1193
1172 1194
1172 1216
1173 1195
1174 1196
1175 1197
1176 1198
1176 1242
1177 1199
1178 1200
1179 1245
1180 1246
1181 1247
1181 1399
1182 1204
1183 1205
1184 1206
1185 1207
1185 1229
1186 1208
1186 1230
1187 1209
1187 1231
1188 1231
1189 1210
1190 1211
1190 1255
1191 1256
1192 1257
1192 1323
1192 1389
1193 1258
1194 1215
1194 1259
1195 1216
1196 1217
1197 1218
1197 1241
1198 1219
1198 1263
1199 1220
1200 1221
1201 1222
1201 1266
1202 1267
1202 1289
1203 1268
1204 1269
1204 1291
1205 1226
1205 1270
1206 1227
1206 1250
1207 1228
1207 1251
1208 1229
1209 1230
1209 1253
1210 1232
1211 1233
1212 1278
1213 1279
1213 1280
1214 1280
1214 1432
1215 1237
1215 1281
1216 1238
1217 1239
1217 1261
1218 1240
1218 1262
1219 1241
1219 1285
1220 1242
1221 1243
1222 1244
1222 1265
1223 1289
1224 1246
1224 1290
1225 1291
1225 1443
1226 1248
1227 1249
1227 1271
1228 1250
1228 1272
1229 1251
1230 1252
1231 1253
1232 1275
1232 1276
1233 1254
1233 1277
1234 1255
1234 1299
1235 1300
1235 1322
1236 1301
1237 1302
1238 1259
1238 1303
1239 1260
1239 1283
1240 1261
1240 1284
1241 1262
1242 1263
1243 1264
1244 1265
1244 1330
1245 1266
1245 1310
1246 1311
1247 1312
1248 1313
1248 1335
1249 1270
1249 1314
1250 1271
1251 1272
1252 1273
1252 1296
1253 1274
1254 1276
1254 1298
1255 1277
1256 1322
1257 1323
1257 1455
1258 1324
1258 1476
1259 1281
1260 1282
1260 1304
1261 1283
1262 1284
1263 1285
1264 1286
1265 1287
1266 1308
1267 1333
1268 1290
1268 1334
1269 1335
1269 1487
1270 1292
1271 1293
1272 1294
1273 1295
1273 1317
1274 1296
1274 1318
1275 1297
1275 1319
1276 1319
1277 1298
1278 1299
1278 1343
1279 1367
1280 1345
1281 1346
1282 1303
1282 1347
1283 1304
1284 1305
1285 1306
1286 1307
1286 1351
1287 1288
1287 1308
1288 1309
1288 1332
1289 1310
1290 1355
1291 1356
1292 1357
1292 1510
1293 1314
1293 1358
1294 1315
1294 1338
1295 1316
1295 1339
1296 1317
1297 1318
1297 1341
1298 1320
1299 1321
1300 1411
1301 1344
1301 1367
1302 1368
1302 1520
1303 1325
1304 1326
1305 1327
1305 1349
1306 1328
1306 1350
1307 1329
1307 1373
1308 1330
1309 1331
1309 1417
1310 1332
1311 1377
1312 1334
1312 1378
1313 1379
1313 1531
1314 1336
1315 1337
1315 1359
1316 1338
1316 1360
1317 1339
1318 1340
1319 1341
1320 1363
1320 1364
1321 1342
1321 1365
1322 1343
1323 1388
1324 1389
1325 1390
1325 1543
1326 1347
1326 1391
1327 1348
1327 1371
1328 1349
1328 1372
1329 1350
1329 1394
1330 1351
1331 1352
1331 1353
1332 1352
1333 1354
1333 1398
1334 1399
1335 1400
1336 1401
1336 1554
1337 1358
1337 1402
1338 1359
1339 1360
1340 1361
1340 1384
1341 1362
1342 1364
1342 1386
1343 1365
1344 1410
1344 1433
1345 1411
1346 1412
1346 1564
1347 1369
1348 1370
1348 1392
1349 1371
1350 1372
1351 1373
1352 1374
1353 1375
1353 1397
1354 1376
1354 1420
1355 1421
1356 1378
1356 1422
1357 1423
1357 1575
1358 1380
1359 1381
1360 1382
1361 1383
1361 1405
1362 1384
1362 1406
1363 1385
1363 1407
1364 1407
1365 1386
1366 1387
1366 1431
1366 1498
1367 1432
1368 1433
1369 1413
1369 1434
1370 1391
1370 1435
1371 1392
1372 1393
1373 1394
1374 1395
1374 1397
1375 1396
1375 1419
1376 1397
1376 1441
1377 1398
1377 1442
1378 1443
1379 1444
1380 1424
1380 1445
1381 1402
1381 1446
1382 1403
1382 1426
1383 1404
1383 1427
1384 1405
1385 1406
1385 1429
1386 1408
1387 1409
1387 1453
1388 1454
1389 1455
1390 1456
1391 1413
1392 1414
1393 1415
1393 1437
1394 1416
1395 1417
1396 1418
1396 1440
1398 1420
1399 1465
1400 1422
1400 1466
1401 1467
1402 1424
1403 1425
1403 1447
1404 1426
1404 1448
1405 1427
1406 1428
1407 1429
1408 1451
1408 1452
1409 1430
1409 1453
1410 1431
1410 1454
1411 1476
1412 1477
1413 1478
1414 1435
1414 1479
1415 1436
1415 1459
1416 1437
1416 1460
1417 1438
1418 1419
1418 1439
1419 1440
1420 1441
1421 1442
1421 1486
1422 1487
1423 1488
1424 1489
1425 1446
1425 1490
1426 1447
1427 1448
1428 1449
1428 1472
1429 1450
1430 1452
1430 1474
1431 1519
1432 1498
1433 1499
1434 1500
1435 1457
1436 1458
1436 1480
1437 1459
1438 1460
1438 1481
1439 1461
1439 1506
1440 1462
1441 1463
1442 1464
1443 1509
1444 1466
1444 1510
1445 1511
1446 1468
1447 1469
1448 1470
1449 1471
1449 1493
1450 1472
1450 1494
1451 1473
1451 1495
1452 1495
1454 1475
1455 1520
1456 1521
1457 1501
1457 1522
1458 1479
1458 1502
1459 1480
1460 1481
1461 1482
1461 1484
1462 1483
1462 1506
1463 1484
1463 1507
1464 1485
1464 1508
1465 1486
1465 1509
1466 1531
1467 1532
1468 1512
1468 1533
1469 1490
1469 1513
1470 1491
1470 1514
1471 1492
1471 1515
1472 1493
1473 1494
1473 1517
1474 1496
1475 1497
1475 1499
1476 1542
1477 1521
1477 1543
1478 1544
1479 1501
1480 1502
1481 1503
1482 1504
1483 1505
1483 1527
1484 1506
1485 1507
1485 1529
1486 1508
1487 1553
1488 1532
1488 1554
1489 1555
1490 1512
1491 1513
1491 1535
1492 1514
1492 1536
1493 1515
1494 1516
1495 1517
1496 1539
1496 1540
1497 1518
1497 1541
1498 1519
1499 1564
1500 1565
1501 1566
1502 1523
1503 1524
1503 1546
1504 1525
1505 1526
1505 1549
1507 1528
1508 1529
1509 1530
1510 1575
1511 1576
1512 1577
1513 1534
1514 1535
1515 1536
1516 1537
1516 1560
1517 1538
1518 1540
1518 1562
1519 1541
1523 1545
1524 1545
1524 1546
1525 1547
1526 1548
1527 1549
1527 1571
1528 1550
1528 1551
1529 1551
1530 1552
1534 1556
1535 1557
1536 1558
1537 1559
1537 1581
1538 1539
1538 1560
1539 1561
1541 1562
1542 1563
1546 1567
1547 1568
1548 1569
1549 1570
1550 1570
1550 1571
1551 1572
1552 1573
1553 1574
1556 1557
1557 1578
1558 1560
1558 1579
1559 1580
1561 1582
