0 43
0 89
0 1562
1 67
1 1563
1 1564
2 23
2 1475
2 1564
3 24
3 68
3 1369
4 69
4 1435
4 1522
5 70
5 157
5 223
6 27
6 71
6 1568
7 28
7 72
7 1569
8 29
8 118
8 1570
9 30
9 1505
9 1526
10 31
10 1483
10 1572
11 32
11 55
11 1573
12 33
12 56
12 1574
13 34
13 1531
13 1575
14 35
14 79
14 1380
15 80
15 1446
15 1533
16 81
16 168
16 234
17 38
17 82
17 1579
18 39
18 83
18 1580
19 40
19 63
19 1581
20 41
20 64
20 1582
21 42
21 65
21 1583
22 46
22 66
22 154
23 45
23 1454
24 46
24 1543
25 1391
25 1457
25 1544
26 92
26 1479
26 1545
27 245
27 1546
28 50
28 94
29 51
29 1569
30 52
30 74
31 53
31 1570
32 54
32 1572
33 55
33 1573
34 56
34 1553
35 57
35 1554
36 1402
36 1468
36 1555
37 103
37 1490
37 1556
38 256
38 1557
39 61
39 105
40 62
40 1580
41 63
41 1581
42 64
42 1582
43 65
43 87
44 87
44 88
44 176
45 66
45 1541
46 67
47 68
47 112
47 1413
48 113
48 135
48 1566
49 114
49 201
49 267
50 71
50 115
51 72
51 138
52 73
52 96
53 74
53 1549
54 75
54 98
55 76
56 77
57 78
57 1575
58 79
58 123
58 1424
59 124
59 146
59 1577
60 125
60 212
60 278
61 82
61 126
62 83
62 127
63 84
64 85
65 86
66 88
67 89
68 90
69 1435
69 1501
70 136
70 1523
71 289
72 94
73 95
73 161
74 1548
75 97
75 119
76 98
76 120
77 99
77 121
78 100
78 122
79 101
80 1446
80 1512
81 147
81 1534
82 300
83 105
84 106
84 128
85 107
85 129
86 108
86 130
87 175
88 131
89 110
90 111
90 134
91 112
91 156
91 1457
92 157
92 179
93 158
93 245
93 311
94 159
95 116
95 140
96 117
96 140
97 118
97 141
98 119
99 120
99 143
100 121
100 144
101 122
101 145
102 123
102 167
102 1468
103 168
103 190
104 169
104 256
104 322
105 170
106 127
106 171
107 128
107 151
108 129
108 152
109 130
109 132
109 241
110 132
110 1562
111 133
111 155
112 134
113 1479
113 1545
114 180
114 1567
115 268
115 333
116 138
116 227
117 139
117 159
118 140
119 141
120 142
121 143
122 144
123 145
124 1490
124 1556
125 191
125 1578
126 279
126 344
127 149
128 150
129 151
130 152
131 219
131 1042
132 175
133 154
133 177
134 155
135 200
135 1501
136 201
136 223
137 202
137 289
137 355
138 203
139 160
139 249
141 162
142 163
142 186
143 164
144 165
145 166
146 211
146 1512
147 212
147 234
148 213
148 300
148 366
149 170
149 214
150 171
150 215
151 172
152 173
153 174
153 197
153 285
154 176
155 177
156 178
156 222
157 1523
158 180
158 224
159 377
160 182
160 183
161 183
161 205
162 184
162 206
163 185
163 207
164 186
164 208
165 187
165 209
166 188
166 210
167 189
167 233
168 1534
169 191
169 235
170 388
171 193
172 194
172 216
173 195
173 217
174 196
174 218
175 197
176 219
177 198
178 199
178 243
179 244
179 1545
180 245
181 246
181 333
181 399
182 247
182 248
183 356
184 205
184 228
185 206
185 229
186 207
187 208
187 231
188 209
188 232
189 210
189 254
190 255
190 1556
191 256
192 257
192 344
192 410
193 214
193 258
194 215
194 259
195 216
195 239
196 240
196 328
197 218
198 220
198 242
199 221
199 265
200 222
200 266
201 1567
202 224
202 268
203 314
203 421
204 226
204 290
204 312
205 227
206 228
207 229
208 230
209 231
210 232
211 233
211 277
212 1578
213 235
213 279
214 432
215 237
216 238
217 239
217 284
218 240
219 241
220 263
220 264
221 242
221 286
222 243
223 288
224 289
225 290
225 377
225 443
226 270
226 291
227 248
228 249
229 250
230 251
230 274
231 252
232 253
233 254
234 299
235 300
236 301
236 388
236 454
237 258
237 302
238 259
238 303
239 262
240 261
241 262
242 264
243 265
244 266
244 310
246 312
246 399
247 335
247 465
248 270
249 271
250 272
250 294
251 273
251 295
252 274
252 296
253 275
253 297
254 276
255 277
255 321
257 323
257 410
258 476
259 281
260 282
260 304
260 326
261 306
261 393
262 284
263 285
263 307
264 307
265 286
266 287
267 288
267 332
268 333
269 334
269 421
269 487
270 443
271 292
271 336
272 293
272 316
273 294
273 317
274 295
275 296
275 319
276 297
276 320
277 298
278 299
278 343
279 344
280 345
280 432
280 498
281 302
281 346
282 303
282 347
283 304
283 327
283 372
284 305
285 306
286 308
287 309
287 331
288 310
290 356
291 464
291 509
292 314
292 358
293 315
293 337
294 316
295 317
296 318
297 319
298 320
298 342
299 321
301 323
301 367
302 520
303 325
304 305
305 327
306 328
307 329
308 351
308 352
309 330
309 353
310 331
311 332
311 376
312 377
313 378
313 465
313 531
314 379
315 336
315 380
316 337
317 338
318 339
318 362
319 340
320 341
321 342
322 343
322 387
323 388
324 389
324 476
324 542
325 346
325 390
326 347
326 391
327 348
328 349
329 350
329 373
330 352
330 374
331 353
332 354
334 400
334 401
335 401
335 553
336 358
337 359
338 360
338 382
339 361
339 383
340 362
340 384
341 363
341 385
342 364
343 365
345 367
345 411
346 564
347 369
348 370
348 459
349 371
349 391
350 372
350 394
351 373
351 395
352 395
353 374
354 375
354 398
355 376
355 420
356 421
357 422
357 509
357 530
358 423
359 380
359 424
360 381
360 404
361 382
361 405
362 383
363 384
363 407
364 385
364 408
365 386
365 409
366 387
366 431
367 432
368 433
368 520
368 586
369 390
369 434
370 391
370 392
371 392
371 501
372 393
373 394
374 396
375 397
375 419
376 398
378 444
378 488
379 532
379 597
380 402
381 403
381 425
382 404
383 405
384 406
385 407
386 408
386 430
387 409
389 411
389 455
390 608
392 414
393 415
394 416
395 417
396 439
396 440
397 418
397 441
398 419
399 464
400 465
400 553
401 466
402 423
402 467
403 424
403 468
404 425
405 426
406 427
406 450
407 428
408 429
409 430
410 475
411 476
412 477
412 564
412 630
413 434
413 457
413 478
414 437
414 1045
415 436
415 566
416 437
416 460
417 438
417 461
418 440
418 462
419 441
420 442
420 486
422 444
422 488
423 641
424 446
425 447
426 448
426 470
427 449
427 471
428 450
428 472
429 451
429 473
430 452
431 453
431 497
433 455
433 499
434 652
435 436
435 457
435 501
436 458
437 459
438 460
438 482
439 461
439 483
440 483
441 462
442 463
442 507
443 508
444 509
445 510
445 597
445 663
446 467
446 511
447 468
447 512
448 469
448 492
449 470
449 493
450 471
451 472
451 495
452 473
452 496
453 474
453 518
454 475
454 519
455 520
456 521
456 608
456 674
457 522
458 479
458 545
459 480
460 481
461 482
462 484
463 485
463 529
464 486
466 487
466 532
467 685
468 490
469 491
469 513
470 492
471 493
472 494
473 495
474 496
474 540
475 497
477 499
477 543
478 631
478 696
479 501
479 503
480 502
480 676
481 503
481 525
482 504
483 505
484 527
484 528
485 506
485 550
486 507
487 552
488 553
489 554
489 641
489 707
490 511
490 555
491 512
491 556
492 513
493 514
494 515
494 538
495 516
496 517
497 518
498 519
498 563
499 564
500 565
500 652
500 718
502 523
502 610
503 524
504 525
504 548
505 526
505 549
506 528
506 572
507 529
508 530
508 706
510 576
510 663
511 729
512 534
513 535
514 536
514 558
515 537
515 559
516 538
516 560
517 539
517 561
518 540
519 541
521 543
521 587
522 675
522 740
523 545
523 547
524 546
524 720
525 547
526 548
526 570
527 549
527 571
528 571
529 550
530 551
531 596
531 640
532 597
533 598
533 685
533 751
534 555
534 599
535 556
535 600
536 557
536 580
537 558
537 581
538 559
539 560
539 583
540 561
541 562
541 585
542 563
542 607
543 608
544 609
544 696
544 762
545 610
546 567
546 654
547 568
548 569
549 570
550 572
551 573
551 594
552 574
552 619
554 576
554 620
555 773
556 578
557 579
557 601
558 580
559 581
560 582
561 583
562 584
562 606
563 585
565 587
565 631
566 632
566 784
567 589
567 633
568 590
568 764
569 591
569 613
570 592
571 593
572 615
573 594
573 616
574 595
574 727
575 596
575 619
575 640
576 641
577 642
577 729
577 795
578 599
578 643
579 600
579 644
580 601
581 602
582 603
582 626
583 604
584 605
584 628
585 606
586 607
586 651
587 652
588 653
588 740
588 806
589 610
589 654
590 611
590 698
591 612
591 635
592 613
592 636
593 614
593 637
594 616
595 617
595 749
596 618
598 620
598 664
599 817
600 622
601 623
602 624
602 646
603 625
603 647
604 626
604 648
605 627
605 649
606 628
607 629
609 675
609 762
611 633
611 677
612 634
612 808
613 635
614 636
614 658
615 637
615 659
616 659
617 638
617 770
618 639
618 662
619 684
620 685
621 686
621 773
621 839
622 643
622 687
623 644
623 688
624 645
624 668
625 646
625 669
626 647
627 648
627 671
628 649
629 650
629 673
630 651
630 695
631 696
632 697
632 763
633 1112
634 655
634 742
635 656
636 657
637 658
638 660
638 792
639 661
639 683
640 662
642 664
642 708
643 861
644 666
645 667
645 689
646 668
647 669
648 670
649 671
650 672
650 694
651 673
653 719
653 784
654 872
655 677
655 721
656 678
656 830
657 679
657 680
658 680
659 681
660 703
660 813
661 682
661 705
662 683
663 728
664 729
665 730
665 817
665 883
666 687
666 731
667 688
667 732
668 689
669 690
670 691
670 714
671 692
672 693
672 716
673 694
674 695
674 739
675 740
676 741
676 807
677 1156
678 699
678 786
679 700
679 853
680 701
681 702
681 768
682 704
682 726
683 705
684 706
684 750
686 708
686 752
687 905
688 710
689 711
690 712
690 734
691 713
691 735
692 714
692 736
693 715
693 737
694 716
695 717
697 763
697 828
698 764
698 916
699 721
699 765
700 722
700 831
701 723
701 854
702 724
702 833
703 725
703 791
704 747
704 748
705 726
706 727
707 728
707 772
708 773
709 774
709 861
709 927
710 731
710 775
711 732
711 776
712 733
712 756
713 734
713 757
714 735
715 736
715 759
716 737
717 738
717 761
718 739
718 783
719 784
719 806
720 785
720 851
721 1200
722 743
722 787
723 744
723 832
724 745
724 812
725 746
725 769
726 748
727 749
728 750
730 752
730 796
731 949
732 754
733 755
733 777
734 756
735 757
736 758
737 759
738 760
738 782
739 761
741 807
741 872
742 808
742 960
743 765
743 809
744 766
744 810
745 767
745 789
746 768
746 790
747 769
747 791
748 791
749 770
750 771
751 772
751 816
752 817
753 818
753 905
753 971
754 775
754 819
755 776
755 820
756 777
757 778
758 779
758 802
759 780
760 781
760 804
761 782
762 827
763 828
764 829
765 830
766 787
766 1265
767 788
767 811
768 789
769 790
770 792
771 793
771 815
772 794
774 796
774 840
775 993
776 798
777 799
778 800
778 822
779 801
779 823
780 802
780 824
781 803
781 825
782 804
783 805
783 849
785 851
785 916
786 852
786 1004
787 809
788 810
788 1396
789 811
790 812
792 835
793 814
793 837
794 815
794 838
795 816
795 860
796 861
797 862
797 949
797 1015
798 819
798 863
799 820
799 864
800 821
800 844
801 822
801 845
802 823
803 824
803 847
804 825
805 826
805 849
806 871
807 894
808 873
809 874
810 831
811 832
812 833
813 834
813 857
814 836
814 858
815 837
816 838
818 840
818 884
819 1037
820 842
821 843
821 865
822 844
823 845
824 846
825 847
826 848
826 870
827 871
827 893
828 1068
829 895
829 960
830 1048
831 853
832 854
833 855
834 856
834 878
835 857
835 879
836 879
836 880
837 858
838 859
839 860
839 904
840 905
841 906
841 972
841 1059
842 863
842 907
843 864
843 908
844 865
845 866
846 867
846 890
847 868
848 869
848 892
849 1023
850 915
850 1024
850 1089
851 1090
852 917
852 983
853 918
854 875
855 876
855 899
856 877
856 900
857 878
858 880
859 881
859 903
860 882
862 884
862 928
863 1081
864 886
865 887
866 888
866 910
867 889
867 911
868 890
868 1043
869 891
869 1022
870 892
870 1001
871 1002
872 1046
873 939
873 1004
874 940
874 1092
875 897
875 941
876 898
876 920
877 899
877 921
878 900
879 901
880 923
881 902
881 925
882 903
882 926
883 904
883 948
884 949
885 950
885 1037
885 1103
886 907
886 951
887 908
887 952
888 909
888 932
889 910
889 1085
890 1021
891 912
891 1000
892 979
893 958
893 1067
894 959
894 1025
895 982
895 1134
896 961
896 1027
896 1114
897 918
897 962
898 919
898 963
899 920
900 921
901 922
901 945
902 924
902 946
903 925
904 926
906 928
906 972
907 1125
908 930
909 931
909 953
910 1064
911 933
911 999
912 956
912 1065
913 957
913 1044
913 1066
914 936
914 980
914 1088
915 981
915 1133
916 1069
917 939
917 983
918 1136
919 941
919 985
920 942
921 943
922 944
922 966
923 945
923 967
924 967
924 968
925 946
926 947
927 948
927 992
928 993
929 994
929 1081
929 1147
930 951
930 995
931 952
931 996
932 953
932 1107
933 954
933 977
934 955
934 978
934 1086
935 956
935 1087
935 1110
936 957
936 1111
937 958
937 1132
937 1155
938 959
938 1003
938 1177
939 1026
940 1005
940 1071
941 1006
942 963
942 1007
943 964
943 987
944 965
944 988
945 966
946 968
947 969
947 991
948 970
950 1016
950 1103
951 1169
952 974
953 1063
954 998
954 1108
955 977
955 1129
956 978
957 979
958 980
959 981
960 1113
961 1027
961 1114
962 1115
962 1180
963 985
964 986
964 1008
965 987
965 1009
966 988
967 989
968 1011
969 990
969 1013
970 991
970 1014
971 992
971 1036
972 1037
973 1038
973 1125
973 1191
974 995
974 1039
975 996
975 1128
975 1172
976 997
976 1020
976 1151
977 998
978 999
979 1000
980 1001
981 1002
982 1003
982 1047
983 1048
984 1049
984 1136
984 1202
985 1050
986 1007
986 1051
987 1008
988 1009
989 1010
989 1033
990 1012
990 1034
991 1013
992 1014
993 1059
994 1016
994 1060
995 1213
996 1194
997 1019
997 1041
998 1020
999 1021
1000 1022
1001 1023
1002 1024
1003 1025
1004 1157
1005 1071
1005 1158
1006 1159
1006 1224
1007 1029
1008 1030
1009 1031
1010 1032
1010 1054
1011 1033
1011 1055
1012 1055
1012 1056
1013 1034
1014 1035
1015 1036
1015 1080
1016 1081
1017 1082
1017 1169
1017 1235
1018 1039
1018 1062
1018 1083
1019 1084
1019 1238
1020 1041
1021 1042
1022 1043
1023 1044
1024 1045
1025 1046
1026 1047
1026 1091
1027 1092
1028 1093
1028 1180
1028 1246
1029 1050
1029 1094
1030 1051
1030 1095
1031 1052
1031 1075
1032 1053
1032 1076
1033 1054
1034 1056
1035 1057
1035 1079
1036 1058
1038 1060
1038 1104
1039 1257
1040 1062
1040 1106
1040 1259
1041 1063
1042 1064
1043 1065
1044 1066
1045 1067
1046 1068
1047 1069
1048 1178
1049 1115
1049 1202
1050 1268
1051 1073
1052 1074
1052 1096
1053 1075
1053 1097
1054 1076
1055 1077
1056 1099
1057 1078
1057 1101
1058 1079
1058 1102
1059 1124
1060 1125
1061 1126
1061 1213
1061 1279
1062 1150
1063 1084
1064 1085
1065 1086
1066 1087
1067 1088
1068 1089
1069 1090
1070 1091
1070 1135
1070 1221
1071 1136
1072 1137
1072 1224
1072 1290
1073 1094
1073 1138
1074 1095
1074 1139
1075 1096
1076 1097
1077 1098
1077 1121
1078 1100
1078 1122
1079 1101
1080 1102
1080 1146
1082 1104
1082 1148
1083 1215
1083 1301
1084 1106
1085 1107
1086 1108
1087 1109
1088 1110
1089 1111
1090 1112
1091 1113
1092 1244
1093 1159
1093 1246
1094 1312
1095 1117
1096 1118
1097 1119
1098 1120
1098 1142
1099 1121
1099 1143
1100 1143
1100 1144
1101 1122
1102 1123
1103 1168
1104 1169
1105 1170
1105 1257
1105 1323
1106 1171
1107 1128
1108 1129
1109 1130
1109 1153
1110 1131
1111 1132
1112 1133
1113 1134
1114 1201
1115 1180
1116 1181
1116 1268
1116 1334
1117 1138
1117 1182
1118 1139
1118 1183
1119 1140
1119 1163
1120 1141
1120 1164
1121 1142
1122 1144
1123 1145
1123 1167
1124 1146
1124 1190
1126 1148
1126 1192
1127 1303
1127 1324
1127 1345
1128 1150
1129 1151
1130 1152
1130 1174
1131 1153
1131 1175
1132 1154
1133 1155
1134 1156
1135 1157
1135 1287
1137 1203
1137 1290
1138 1356
1139 1161
1140 1162
1140 1184
1141 1163
1141 1185
1142 1164
1143 1165
1144 1187
1145 1166
1145 1189
1146 1167
1147 1168
1147 1212
1148 1213
1149 1214
1149 1280
1149 1368
1150 1215
1151 1172
1152 1173
1152 1196
1153 1174
1154 1175
1154 1198
1155 1176
1156 1177
1157 1178
1158 1222
1158 1223
1159 1224
1160 1225
1160 1312
1160 1378
1161 1182
1161 1226
1162 1183
1162 1227
1163 1184
1164 1185
1165 1186
1165 1209
1166 1188
1166 1210
1167 1189
1168 1190
1170 1236
1170 1301
1171 1280
1171 1389
1172 1194
1173 1195
1173 1217
1174 1196
1175 1197
1176 1198
1176 1220
1177 1199
1178 1200
1179 1201
1179 1245
1179 1331
1181 1203
1181 1247
1182 1400
1183 1205
1184 1206
1185 1207
1186 1208
1186 1230
1187 1209
1187 1231
1188 1231
1188 1232
1189 1210
1190 1211
1191 1212
1191 1256
1192 1257
1192 1279
1193 1258
1193 1345
1193 1390
1194 1259
1195 1216
1195 1260
1196 1217
1197 1218
1197 1241
1198 1219
1199 1220
1199 1243
1200 1221
1201 1222
1202 1267
1203 1268
1204 1269
1204 1356
1204 1422
1205 1226
1205 1270
1206 1227
1206 1271
1207 1228
1207 1251
1208 1229
1208 1252
1209 1230
1210 1232
1211 1233
1211 1255
1212 1234
1214 1280
1214 1302
1215 1433
1216 1238
1216 1282
1217 1239
1218 1240
1218 1262
1219 1241
1219 1263
1220 1242
1221 1243
1222 1244
1223 1245
1223 1266
1225 1247
1225 1291
1226 1444
1227 1249
1228 1250
1228 1272
1229 1251
1229 1273
1230 1252
1231 1253
1232 1275
1233 1254
1233 1277
1234 1255
1234 1278
1235 1256
1235 1300
1236 1323
1236 1346
1237 1302
1237 1389
1237 1455
1238 1303
1239 1260
1239 1304
1240 1261
1240 1284
1241 1262
1242 1263
1242 1286
1243 1264
1244 1265
1245 1266
1246 1311
1247 1312
1248 1313
1248 1400
1248 1466
1249 1270
1249 1314
1250 1271
1250 1315
1251 1272
1252 1273
1253 1274
1253 1297
1254 1276
1254 1298
1255 1277
1256 1278
1258 1324
1258 1345
1259 1477
1260 1282
1261 1283
1261 1305
1262 1284
1263 1285
1264 1286
1264 1308
1265 1287
1266 1288
1267 1289
1267 1309
1269 1291
1269 1335
1270 1488
1271 1293
1272 1294
1273 1295
1274 1296
1274 1318
1275 1297
1275 1319
1276 1319
1276 1320
1277 1298
1278 1299
1279 1344
1281 1346
1281 1433
1281 1499
1282 1347
1283 1304
1283 1348
1284 1305
1285 1306
1285 1329
1286 1307
1287 1308
1288 1289
1288 1309
1289 1310
1290 1355
1291 1356
1292 1357
1292 1444
1292 1510
1293 1314
1293 1358
1294 1315
1294 1359
1295 1316
1295 1339
1296 1317
1296 1340
1297 1318
1298 1320
1299 1321
1299 1343
1300 1322
1300 1366
1301 1499
1302 1368
1303 1521
1304 1326
1305 1327
1306 1328
1306 1350
1307 1329
1307 1351
1308 1330
1309 1331
1310 1332
1310 1352
1311 1333
1311 1377
1313 1335
1313 1379
1314 1532
1315 1337
1316 1338
1316 1360
1317 1339
1317 1361
1318 1340
1319 1341
1320 1363
1321 1342
1321 1365
1322 1343
1322 1387
1323 1388
1324 1389
1325 1390
1325 1477
1325 1543
1326 1347
1326 1391
1327 1348
1327 1392
1328 1349
1328 1372
1329 1350
1330 1351
1330 1374
1331 1352
1332 1353
1332 1354
1333 1353
1333 1354
1334 1355
1334 1399
1335 1400
1336 1401
1336 1488
1336 1554
1337 1358
1337 1402
1338 1359
1338 1403
1339 1360
1340 1361
1341 1362
1341 1385
1342 1364
1342 1386
1343 1365
1344 1366
1344 1410
1346 1412
1347 1565
1348 1370
1349 1371
1349 1393
1350 1372
1351 1373
1352 1374
1353 1375
1354 1376
1355 1377
1357 1379
1357 1423
1358 1576
1359 1381
1360 1382
1361 1383
1362 1384
1362 1406
1363 1385
1363 1407
1364 1407
1364 1408
1365 1386
1366 1387
1367 1432
1367 1520
1367 1543
1368 1433
1369 1434
1369 1521
1370 1391
1370 1435
1371 1392
1371 1436
1372 1393
1373 1394
1373 1417
1374 1395
1375 1396
1375 1398
1376 1397
1376 1418
1377 1398
1378 1399
1378 1443
1379 1444
1380 1445
1380 1532
1381 1402
1381 1446
1382 1403
1382 1447
1383 1404
1383 1427
1384 1405
1384 1428
1385 1406
1386 1408
1387 1409
1388 1410
1388 1412
1390 1456
1392 1414
1393 1415
1394 1416
1394 1438
1395 1417
1395 1439
1396 1418
1397 1419
1397 1441
1398 1420
1399 1421
1401 1423
1401 1467
1403 1425
1404 1426
1404 1448
1405 1427
1405 1449
1406 1428
1407 1429
1408 1451
1409 1430
1409 1453
1410 1431
1411 1434
1411 1456
1411 1476
1412 1477
1413 1478
1413 1565
1414 1458
1414 1479
1415 1436
1415 1480
1416 1437
1416 1460
1417 1438
1418 1439
1419 1420
1419 1440
1420 1441
1421 1442
1421 1465
1422 1443
1422 1487
1423 1488
1424 1489
1424 1576
1425 1469
1425 1490
1426 1447
1426 1491
1427 1448
1428 1449
1429 1450
1429 1473
1430 1452
1430 1474
1431 1453
1431 1475
1432 1454
1432 1542
1434 1500
1436 1458
1437 1459
1437 1481
1438 1460
1439 1461
1440 1462
1440 1507
1441 1463
1442 1464
1442 1486
1443 1465
1445 1467
1445 1511
1447 1469
1448 1470
1449 1471
1450 1472
1450 1494
1451 1473
1451 1495
1452 1495
1452 1496
1453 1474
1454 1498
1455 1476
1455 1520
1456 1521
1457 1522
1458 1523
1459 1480
1459 1524
1460 1481
1461 1482
1461 1504
1462 1483
1462 1485
1463 1484
1463 1507
1464 1485
1464 1508
1465 1486
1466 1487
1466 1531
1467 1532
1468 1533
1469 1534
1470 1491
1470 1535
1471 1492
1471 1515
1472 1493
1472 1516
1473 1494
1474 1496
1475 1497
1476 1498
1478 1500
1478 1544
1480 1502
1481 1503
1482 1504
1482 1525
1483 1505
1484 1506
1484 1528
1485 1507
1486 1508
1487 1509
1489 1511
1489 1555
1491 1513
1492 1514
1492 1536
1493 1515
1493 1537
1494 1516
1495 1517
1496 1539
1497 1518
1497 1541
1498 1519
1499 1564
1500 1565
1501 1566
1502 1546
1502 1567
1503 1524
1503 1568
1504 1525
1505 1526
1506 1527
1506 1550
1508 1529
1509 1530
1509 1574
1510 1554
1510 1575
1511 1576
1512 1577
1513 1557
1513 1578
1514 1535
1514 1579
1515 1536
1516 1537
1517 1538
1517 1561
1518 1540
1518 1562
1519 1541
1519 1563
1520 1542
1522 1544
1524 1546
1525 1547
1526 1548
1527 1549
1527 1571
1528 1550
1528 1551
1529 1551
1529 1552
1530 1550
1530 1552
1531 1553
1533 1555
1535 1557
1536 1558
1537 1559
1538 1560
1538 1582
1539 1561
1539 1583
1540 1561
1540 1583
1542 1563
1547 1566
1547 1568
1548 1569
1549 1570
1551 1572
1552 1573
1553 1574
1558 1559
1558 1579
1559 1580
1560 1581
