0 43
0 1561
0 1562
1 22
1 1367
1 1519
2 67
2 1455
2 1520
3 68
3 134
3 1521
4 69
4 222
4 1566
5 26
5 70
5 1567
6 27
6 1546
6 1568
7 28
7 51
7 1569
8 1547
8 1568
8 1570
9 30
9 53
9 1571
10 31
10 1550
10 1572
11 32
11 1529
11 1573
12 33
12 1378
12 1530
13 78
13 1466
13 1531
14 79
14 145
14 1532
15 80
15 233
15 1577
16 37
16 81
16 1578
17 38
17 1557
17 1579
18 39
18 62
18 1580
19 40
19 63
19 1581
20 41
20 109
20 1582
21 44
21 65
21 87
22 44
22 1541
23 89
23 1389
23 1542
24 46
24 90
24 1543
25 91
25 243
25 1544
26 48
26 92
27 49
27 1567
28 50
28 72
29 51
29 1481
29 1525
30 52
30 1570
31 53
31 1571
32 54
32 1551
33 55
33 1552
34 100
34 1400
34 1553
35 57
35 101
35 1554
36 102
36 254
36 1555
37 59
37 103
38 60
38 104
39 61
39 83
40 62
40 1580
41 63
41 1581
42 86
42 153
42 174
43 65
43 1539
44 87
45 66
45 1411
45 1563
46 111
46 1564
47 112
47 178
47 1565
48 113
48 266
49 70
49 114
50 71
50 138
51 1503
52 73
52 96
53 74
54 75
54 98
55 76
55 1573
56 77
56 1422
56 1574
57 122
57 1575
58 123
58 189
58 1576
59 124
59 277
60 81
60 125
61 82
61 105
62 83
63 84
64 85
64 108
64 196
65 86
66 88
66 132
67 133
67 1433
68 90
68 134
69 135
69 287
70 92
71 93
71 116
72 94
72 1524
73 95
73 117
74 96
74 118
75 97
75 119
76 98
76 120
77 99
77 143
78 144
78 1444
79 101
79 145
80 146
80 298
81 103
82 104
82 148
83 105
84 106
84 128
85 107
85 173
86 108
87 109
88 131
88 175
89 110
89 154
90 155
91 112
91 156
92 157
93 114
93 225
94 115
94 136
95 116
95 139
96 117
97 118
97 141
98 119
99 120
99 164
100 121
100 165
101 166
102 123
102 167
103 168
104 125
105 126
106 127
106 150
107 128
107 152
108 129
109 130
110 132
110 176
111 177
111 1477
112 178
113 179
113 331
114 136
115 137
115 159
116 138
117 139
118 140
119 141
120 142
121 143
121 187
122 188
122 1488
123 189
124 190
124 342
125 147
126 148
126 192
127 149
127 171
128 150
129 151
129 217
130 152
130 1582
131 153
131 197
132 175
133 154
133 1499
134 199
135 156
135 200
136 201
137 158
137 181
138 159
139 160
140 161
140 184
141 162
142 163
142 186
143 164
144 165
144 1510
145 210
146 167
146 211
147 212
147 365
148 169
149 170
149 193
150 171
151 172
151 195
152 173
153 174
154 176
155 221
155 1521
156 222
157 223
157 375
158 180
158 246
159 181
160 182
160 204
161 183
161 205
162 184
162 206
163 185
163 207
164 186
165 187
166 232
166 1532
167 233
168 234
168 386
169 191
169 235
170 192
170 236
171 193
172 194
172 216
173 195
174 196
175 197
176 219
177 198
177 1543
178 243
179 244
179 310
180 245
180 312
181 354
182 203
182 226
183 204
183 227
184 205
185 206
185 229
186 207
187 208
188 209
188 1554
189 254
190 255
190 321
191 256
191 409
192 213
193 214
194 215
194 260
195 216
196 217
197 218
198 220
198 264
199 265
199 1565
200 244
200 266
201 267
201 419
202 223
202 224
202 288
203 225
203 269
204 226
205 227
206 228
207 229
208 230
208 252
209 231
209 275
210 276
210 1576
211 255
211 277
212 278
212 430
213 235
213 279
214 236
214 280
215 237
215 239
216 238
217 239
218 240
218 262
219 241
219 263
220 263
220 307
221 242
221 286
222 287
223 288
224 268
224 289
225 246
226 247
227 248
228 249
228 272
229 250
230 251
230 274
231 252
231 296
232 253
232 297
233 298
234 299
234 452
235 300
236 257
237 258
237 281
238 283
238 304
239 260
240 261
240 284
241 262
241 285
242 264
242 308
243 309
244 310
245 311
245 463
246 268
247 269
247 313
248 270
248 292
249 271
249 293
250 272
250 294
251 273
251 295
252 274
253 275
253 319
254 320
255 321
256 322
256 474
257 279
257 323
258 280
258 324
259 281
259 303
259 391
260 282
261 283
261 305
262 284
263 285
264 307
265 286
265 330
266 331
267 332
267 377
268 441
269 290
270 291
270 314
271 292
271 315
272 293
273 294
273 317
274 295
275 296
276 297
276 341
277 342
278 299
278 343
279 344
280 301
281 282
282 303
283 304
284 305
285 306
286 308
287 353
288 354
289 355
289 507
290 312
290 356
291 313
291 357
292 314
293 315
294 316
295 317
296 318
297 319
298 364
299 365
300 366
300 518
301 323
301 367
302 324
302 326
302 368
303 325
304 326
305 327
306 328
306 350
307 329
308 351
309 330
309 374
310 375
311 376
311 399
312 377
313 334
314 335
315 336
316 337
316 360
317 338
318 339
318 362
319 340
320 341
320 385
321 386
322 387
322 453
323 388
324 345
325 348
325 370
326 347
327 348
327 371
328 349
328 372
329 350
329 373
330 352
331 397
332 398
332 530
333 376
333 506
333 551
334 356
334 400
335 357
335 401
336 358
336 380
337 359
337 381
338 360
338 382
339 361
339 383
340 362
340 384
341 363
342 408
343 387
343 409
344 410
344 562
345 367
345 411
346 368
346 369
346 435
347 368
347 369
348 370
349 371
349 393
350 372
351 373
351 395
352 395
352 396
353 374
353 418
354 419
355 420
355 486
356 421
357 378
358 379
358 402
359 380
359 403
360 381
361 382
361 405
362 383
363 384
363 407
364 385
364 429
365 430
366 431
366 497
367 432
369 390
370 391
371 392
372 393
373 394
374 396
375 441
376 442
377 443
378 400
378 444
379 401
379 445
380 402
381 403
382 404
383 405
384 406
385 407
386 452
387 453
388 454
388 606
389 411
389 433
389 455
390 414
390 1043
391 413
392 414
392 436
393 415
394 416
394 438
395 417
396 439
397 418
397 462
398 463
398 464
399 464
399 530
400 465
401 422
402 423
403 424
404 425
404 448
405 426
406 427
406 450
407 428
408 429
408 473
409 474
410 475
410 541
411 476
412 433
412 434
412 477
413 433
413 434
414 435
415 436
415 459
416 437
416 460
417 438
417 461
418 440
419 485
420 486
420 528
421 487
421 639
422 444
422 488
423 445
423 489
424 446
424 468
425 447
425 469
426 448
426 470
427 449
427 471
428 450
428 472
429 451
430 496
431 475
431 497
432 498
432 650
434 456
435 457
436 458
437 459
437 481
438 460
439 461
439 483
440 483
440 484
441 462
442 507
442 551
443 508
443 574
444 509
445 466
446 467
446 490
447 468
447 491
448 469
449 470
449 493
450 471
451 472
451 495
452 473
453 518
454 519
454 585
455 520
455 673
456 479
456 501
457 478
457 608
458 479
458 502
459 480
460 481
461 482
462 484
463 529
464 530
465 531
465 683
466 488
466 532
467 489
467 533
468 490
469 491
470 492
471 493
472 494
473 495
474 540
475 541
476 542
476 694
477 478
477 499
478 500
479 501
480 502
480 524
481 503
482 504
482 526
483 505
484 527
485 506
485 595
486 551
487 552
487 618
488 553
489 510
490 511
491 512
492 513
492 536
493 514
494 515
494 538
495 516
496 517
496 561
497 562
498 563
498 629
499 564
499 717
500 521
500 543
501 522
502 523
503 524
503 547
504 525
504 548
505 526
505 549
506 528
507 573
508 574
508 595
509 575
509 727
510 532
510 576
511 533
511 577
512 534
512 556
513 535
513 557
514 536
514 558
515 537
515 559
516 538
516 560
517 539
517 583
518 584
519 563
519 585
520 586
520 738
521 545
521 1066
522 544
522 718
523 545
523 567
524 546
525 547
525 569
526 548
527 549
527 571
528 571
529 550
529 638
531 596
531 662
532 597
533 554
534 555
534 578
535 556
535 579
536 557
537 558
537 581
538 559
539 560
539 604
540 561
540 605
541 606
542 607
542 760
543 608
543 761
544 565
544 652
545 566
546 567
546 590
547 568
548 569
549 570
550 572
550 617
552 596
552 618
553 619
553 771
554 576
554 620
555 577
555 621
556 578
557 579
558 580
559 581
560 582
561 583
562 628
563 629
564 630
564 782
565 587
565 631
566 588
566 762
567 589
568 590
568 612
569 591
570 592
570 614
571 593
572 615
572 704
573 594
573 638
574 639
575 640
575 706
576 641
577 598
578 599
579 600
580 601
580 624
581 602
582 603
582 626
583 604
584 605
584 649
585 650
586 651
586 782
587 652
587 805
588 609
588 696
589 610
589 633
590 611
591 612
591 635
592 613
592 636
593 614
593 657
594 616
594 660
595 661
596 662
597 663
597 815
598 620
598 664
599 621
599 665
600 622
600 644
601 623
601 645
602 624
602 646
603 625
603 647
604 626
605 627
606 672
607 651
607 673
608 826
609 631
609 675
610 632
610 784
611 633
611 655
612 634
613 635
613 679
614 636
615 637
615 769
616 659
616 703
617 638
617 682
618 683
619 684
619 750
620 685
621 642
622 643
622 666
623 644
623 667
624 645
625 646
625 669
626 647
627 648
627 671
628 649
628 693
629 694
630 695
630 826
631 696
632 653
632 740
633 654
634 655
634 678
635 656
636 657
637 658
637 790
639 705
640 684
640 706
641 707
641 859
642 664
642 708
643 665
643 709
644 666
645 667
646 668
647 669
648 670
648 692
649 671
650 716
651 717
652 870
653 675
653 719
654 676
654 828
655 677
656 678
656 1394
657 679
658 680
658 812
659 681
659 747
660 703
660 704
661 682
661 726
662 727
663 728
663 794
664 729
665 686
666 687
667 688
668 689
668 712
669 690
670 691
670 714
671 692
672 693
672 737
673 738
674 695
674 739
674 892
675 740
676 697
676 807
677 698
677 851
678 699
679 700
680 701
680 811
681 702
681 725
682 704
683 749
684 750
685 751
685 903
686 708
686 752
687 709
687 753
688 710
688 732
689 711
689 733
690 712
690 734
691 713
691 735
692 714
693 715
694 760
695 761
696 914
697 719
697 763
698 720
698 829
699 721
699 852
700 722
700 831
701 723
701 789
702 724
702 746
703 725
705 726
705 770
706 771
707 772
707 838
708 773
709 730
710 731
710 754
711 732
711 755
712 733
713 734
713 757
714 735
715 736
715 759
716 737
716 781
717 782
718 783
718 849
719 784
720 741
720 785
721 742
721 830
722 743
722 810
723 744
723 767
724 745
724 768
725 746
726 748
727 793
728 772
728 794
729 795
729 947
730 752
730 796
731 753
731 797
732 754
733 755
734 756
735 757
736 758
736 780
737 759
738 804
739 783
739 805
740 958
741 763
741 1198
742 764
742 808
743 765
743 787
744 766
744 788
745 767
745 789
746 768
747 769
747 791
748 791
748 792
749 770
749 814
750 815
751 816
751 882
752 817
753 774
754 775
755 776
756 777
756 800
757 778
758 779
758 802
759 780
760 781
761 826
762 827
762 893
763 828
764 785
764 1307
765 786
765 809
766 787
766 810
767 788
768 789
769 790
770 792
771 837
772 838
773 839
773 991
774 796
774 840
775 797
775 841
776 798
776 820
777 799
777 821
778 800
778 822
779 801
779 823
780 802
781 803
783 849
784 1002
785 807
786 808
786 852
787 809
788 810
790 812
791 813
792 835
793 814
793 858
794 859
795 860
795 926
796 861
797 818
798 819
798 842
799 820
799 843
800 821
801 822
801 845
802 823
803 824
803 847
804 825
804 869
805 870
806 871
806 937
806 958
807 872
808 829
809 830
811 832
811 855
812 833
813 834
813 857
814 836
815 881
816 860
816 882
817 883
817 1035
818 840
818 884
819 841
819 885
820 842
821 843
822 844
823 845
824 846
824 868
825 847
825 891
827 893
827 914
828 1046
829 851
830 852
831 853
831 875
832 854
832 876
833 855
833 877
834 856
834 878
835 857
835 879
836 879
836 880
837 858
837 902
838 903
839 904
839 970
840 905
841 862
842 863
843 864
844 865
844 888
845 866
846 867
846 890
847 1021
848 869
848 913
848 1022
849 936
850 915
850 981
850 1002
851 916
853 874
853 897
854 875
854 898
855 876
856 877
856 900
857 878
858 880
859 925
860 926
861 927
861 1079
862 884
862 928
863 885
863 929
864 886
864 908
865 887
865 909
866 888
866 1041
867 889
867 1020
868 890
868 999
869 1000
870 1044
871 893
871 937
872 938
872 1090
873 895
873 917
873 939
874 896
874 940
875 897
876 898
877 899
878 900
879 901
880 923
881 902
881 946
882 947
883 948
883 1014
884 949
885 906
886 907
886 930
887 908
887 1040
888 1019
889 910
889 998
890 977
891 956
891 1065
892 1023
892 1110
894 959
894 1025
894 1046
895 960
895 1113
896 917
896 961
897 918
898 919
899 920
899 943
900 921
901 922
901 945
902 924
903 969
904 948
904 970
905 971
905 1123
906 928
906 972
907 929
907 973
908 1062
909 931
909 997
910 954
910 1063
911 955
911 1042
911 1064
912 934
912 978
912 1087
913 935
913 979
914 1088
915 959
915 981
916 982
916 1134
917 939
918 940
918 984
919 941
919 963
920 942
920 964
921 943
921 965
922 944
922 966
923 945
923 967
924 967
924 968
925 946
925 990
926 991
927 992
927 1058
928 993
929 950
930 951
930 1083
931 975
931 1084
932 953
932 976
932 1085
933 954
933 1086
933 1108
934 955
934 1109
935 956
935 1131
936 1001
936 1154
937 1132
938 1003
938 1069
939 1004
940 961
941 962
941 985
942 963
942 986
943 964
944 965
944 988
945 966
946 968
947 1013
948 1014
949 1015
949 1167
950 972
950 1016
951 973
951 1039
952 996
952 1106
952 1127
953 975
953 1107
954 976
955 977
956 978
957 979
957 1153
957 1175
958 1067
959 1025
960 1026
960 1178
961 983
962 984
962 1028
963 985
964 986
965 987
966 988
967 989
968 1011
969 990
969 1034
970 1035
971 1036
971 1102
972 1037
973 1105
974 1018
974 1149
974 1170
975 996
976 997
977 998
978 999
979 1000
980 1001
980 1024
980 1045
981 1176
982 1003
982 1047
983 1048
983 1201
984 1005
985 1006
986 1007
987 1008
987 1031
988 1009
989 1010
989 1033
990 1012
991 1057
992 1036
992 1058
993 1059
993 1211
994 1016
994 1038
994 1060
995 1017
995 1061
995 1214
996 1018
997 1019
998 1020
999 1021
1000 1022
1001 1023
1002 1111
1003 1069
1004 1070
1004 1222
1005 1027
1005 1071
1006 1028
1006 1072
1007 1029
1007 1051
1008 1030
1008 1052
1009 1031
1009 1053
1010 1032
1010 1054
1011 1033
1011 1055
1012 1055
1012 1056
1013 1034
1013 1078
1014 1079
1015 1080
1015 1146
1016 1081
1017 1082
1017 1236
1018 1039
1019 1040
1020 1041
1021 1042
1022 1043
1023 1044
1024 1045
1024 1089
1025 1090
1026 1091
1026 1157
1027 1092
1027 1245
1028 1049
1029 1050
1029 1073
1030 1051
1030 1074
1031 1052
1032 1053
1032 1076
1033 1054
1034 1056
1035 1101
1036 1102
1037 1103
1037 1255
1038 1060
1038 1126
1039 1061
1040 1062
1041 1063
1042 1064
1043 1065
1044 1066
1045 1067
1046 1155
1047 1091
1047 1113
1048 1114
1048 1266
1049 1071
1049 1115
1050 1072
1050 1116
1051 1073
1052 1074
1053 1075
1054 1076
1055 1077
1056 1099
1057 1078
1057 1122
1058 1123
1059 1124
1059 1190
1060 1192
1061 1082
1062 1083
1063 1084
1064 1085
1065 1086
1066 1087
1067 1088
1068 1089
1068 1133
1068 1219
1069 1134
1070 1135
1070 1288
1071 1136
1072 1093
1073 1094
1074 1095
1075 1096
1075 1119
1076 1097
1077 1098
1077 1121
1078 1100
1079 1145
1080 1124
1080 1146
1081 1147
1081 1299
1082 1104
1083 1105
1084 1106
1085 1107
1086 1108
1087 1109
1088 1110
1089 1111
1090 1242
1091 1157
1092 1158
1092 1310
1093 1115
1093 1159
1094 1116
1094 1160
1095 1117
1095 1139
1096 1118
1096 1140
1097 1119
1097 1141
1098 1120
1098 1142
1099 1121
1099 1143
1100 1143
1100 1144
1101 1122
1101 1166
1102 1167
1103 1168
1103 1234
1104 1169
1104 1280
1105 1126
1106 1127
1107 1128
1108 1129
1109 1130
1110 1131
1111 1132
1112 1133
1112 1177
1112 1263
1113 1178
1114 1135
1114 1179
1115 1180
1116 1137
1117 1138
1117 1161
1118 1139
1118 1162
1119 1140
1120 1141
1120 1164
1121 1142
1122 1144
1123 1189
1124 1190
1125 1148
1125 1191
1125 1343
1126 1148
1127 1149
1128 1150
1128 1172
1129 1151
1129 1173
1130 1152
1130 1174
1131 1153
1132 1154
1133 1155
1134 1200
1135 1201
1136 1202
1136 1354
1137 1159
1137 1203
1138 1160
1138 1204
1139 1161
1140 1162
1141 1163
1142 1164
1143 1165
1144 1187
1145 1166
1145 1210
1146 1211
1147 1212
1147 1323
1148 1213
1149 1170
1150 1171
1150 1194
1151 1172
1151 1195
1152 1173
1152 1196
1153 1174
1154 1175
1155 1176
1156 1177
1156 1199
1156 1221
1157 1222
1158 1223
1158 1289
1159 1224
1160 1181
1161 1182
1162 1183
1163 1184
1163 1207
1164 1185
1165 1186
1165 1209
1166 1188
1167 1233
1168 1212
1168 1234
1169 1235
1169 1387
1170 1192
1171 1193
1171 1237
1172 1194
1173 1195
1174 1196
1175 1197
1176 1198
1177 1199
1178 1244
1179 1223
1179 1245
1180 1246
1180 1398
1181 1203
1181 1247
1182 1204
1182 1248
1183 1205
1183 1227
1184 1206
1184 1228
1185 1207
1185 1229
1186 1208
1186 1230
1187 1209
1187 1231
1188 1231
1188 1232
1189 1210
1189 1254
1190 1255
1191 1300
1191 1388
1192 1257
1193 1214
1193 1258
1194 1215
1195 1216
1196 1217
1197 1218
1197 1241
1198 1219
1199 1220
1200 1221
1200 1265
1201 1266
1202 1267
1202 1333
1203 1268
1204 1225
1205 1226
1205 1249
1206 1227
1206 1250
1207 1228
1208 1229
1208 1252
1209 1230
1210 1232
1211 1277
1212 1344
1213 1279
1213 1431
1214 1236
1215 1237
1215 1281
1216 1238
1216 1260
1217 1239
1217 1261
1218 1240
1218 1262
1219 1241
1220 1221
1220 1242
1222 1288
1223 1289
1224 1290
1224 1442
1225 1247
1225 1291
1226 1248
1226 1292
1227 1249
1228 1250
1229 1251
1230 1252
1231 1253
1232 1275
1233 1254
1233 1298
1234 1299
1235 1300
1235 1453
1236 1301
1237 1258
1238 1259
1238 1282
1239 1260
1239 1283
1240 1261
1240 1284
1241 1262
1242 1263
1243 1264
1243 1285
1243 1329
1244 1265
1244 1309
1245 1310
1246 1311
1246 1377
1247 1312
1248 1269
1249 1270
1250 1271
1251 1272
1251 1295
1252 1273
1253 1274
1253 1297
1254 1276
1255 1321
1256 1387
1256 1432
1256 1454
1257 1323
1257 1475
1258 1280
1259 1281
1259 1325
1260 1282
1261 1283
1262 1284
1263 1285
1264 1286
1264 1287
1265 1286
1266 1332
1267 1311
1267 1333
1268 1334
1268 1486
1269 1291
1269 1335
1270 1292
1270 1336
1271 1293
1271 1315
1272 1294
1272 1316
1273 1295
1273 1317
1274 1296
1274 1318
1275 1297
1275 1319
1276 1319
1276 1320
1277 1298
1277 1342
1278 1279
1278 1322
1278 1343
1279 1344
1280 1345
1281 1302
1282 1303
1283 1304
1284 1305
1285 1306
1286 1307
1287 1308
1287 1331
1288 1309
1289 1354
1290 1355
1290 1421
1291 1356
1292 1313
1293 1314
1293 1337
1294 1315
1294 1338
1295 1316
1296 1317
1296 1340
1297 1318
1298 1320
1299 1410
1300 1366
1301 1367
1301 1519
1302 1324
1302 1368
1303 1325
1303 1369
1304 1326
1304 1348
1305 1327
1305 1349
1306 1328
1306 1350
1307 1329
1308 1330
1308 1416
1309 1331
1310 1376
1311 1377
1312 1378
1312 1530
1313 1335
1313 1379
1314 1336
1314 1380
1315 1337
1316 1338
1317 1339
1318 1340
1319 1341
1320 1363
1321 1342
1321 1386
1322 1387
1322 1498
1323 1388
1324 1389
1324 1542
1325 1346
1326 1347
1326 1370
1327 1348
1327 1371
1328 1349
1328 1372
1329 1350
1330 1351
1330 1352
1331 1351
1332 1353
1332 1397
1333 1398
1334 1399
1334 1465
1335 1400
1336 1357
1337 1358
1338 1359
1339 1360
1339 1383
1340 1361
1341 1362
1341 1385
1342 1364
1343 1366
1344 1410
1345 1411
1345 1563
1346 1368
1346 1412
1347 1369
1347 1413
1348 1370
1349 1371
1350 1372
1351 1373
1352 1374
1352 1396
1353 1375
1353 1419
1354 1420
1355 1399
1355 1421
1356 1422
1356 1574
1357 1379
1357 1423
1358 1380
1358 1424
1359 1381
1359 1403
1360 1382
1360 1404
1361 1383
1361 1405
1362 1384
1362 1406
1363 1385
1363 1407
1364 1407
1364 1408
1365 1386
1365 1430
1365 1497
1366 1431
1367 1432
1368 1433
1369 1390
1370 1391
1371 1392
1372 1393
1373 1394
1373 1396
1374 1395
1374 1418
1375 1396
1375 1440
1376 1397
1376 1441
1377 1442
1378 1443
1379 1444
1380 1401
1381 1402
1381 1425
1382 1403
1382 1426
1383 1404
1384 1405
1384 1428
1385 1406
1386 1408
1388 1454
1389 1455
1390 1412
1390 1456
1391 1413
1391 1457
1392 1414
1392 1436
1393 1415
1393 1437
1394 1416
1395 1417
1395 1439
1397 1419
1398 1464
1399 1465
1400 1466
1401 1423
1401 1467
1402 1424
1402 1468
1403 1425
1404 1426
1405 1427
1406 1428
1407 1429
1408 1451
1409 1430
1409 1453
1409 1474
1410 1475
1411 1476
1412 1477
1413 1434
1414 1435
1414 1458
1415 1436
1415 1459
1416 1437
1417 1418
1417 1438
1418 1439
1419 1440
1420 1441
1420 1485
1421 1486
1422 1487
1423 1488
1424 1445
1425 1446
1426 1447
1427 1448
1427 1471
1428 1449
1429 1450
1429 1473
1430 1518
1431 1497
1432 1498
1433 1499
1434 1456
1434 1500
1435 1457
1435 1501
1436 1458
1437 1459
1438 1460
1438 1505
1439 1461
1440 1462
1441 1463
1442 1508
1443 1487
1443 1509
1444 1510
1445 1467
1445 1511
1446 1468
1446 1512
1447 1469
1447 1491
1448 1470
1448 1492
1449 1471
1449 1493
1450 1472
1450 1494
1451 1473
1451 1495
1452 1495
1452 1496
1452 1562
1453 1474
1454 1519
1455 1520
1456 1521
1457 1478
1458 1479
1459 1480
1460 1481
1460 1483
1461 1482
1461 1505
1462 1483
1462 1506
1463 1484
1463 1507
1464 1485
1464 1508
1465 1530
1466 1531
1467 1532
1468 1489
1469 1490
1469 1513
1470 1491
1470 1514
1471 1492
1472 1493
1472 1516
1473 1494
1474 1496
1475 1541
1476 1520
1476 1542
1477 1543
1478 1500
1478 1544
1479 1501
1479 1545
1480 1502
1480 1523
1481 1503
1482 1504
1482 1526
1483 1505
1484 1506
1484 1528
1485 1507
1486 1552
1487 1553
1488 1554
1489 1511
1489 1555
1490 1512
1490 1556
1491 1513
1492 1514
1493 1515
1494 1516
1495 1517
1496 1540
1497 1518
1498 1563
1499 1564
1500 1565
1501 1522
1502 1523
1502 1566
1503 1524
1504 1525
1504 1548
1506 1527
1507 1528
1508 1529
1509 1553
1509 1574
1510 1575
1511 1576
1512 1533
1513 1534
1514 1535
1515 1536
1515 1559
1516 1537
1517 1538
1517 1561
1518 1540
1522 1544
1522 1564
1523 1545
1524 1546
1525 1547
1526 1548
1526 1549
1527 1548
1527 1549
1528 1550
1529 1551
1531 1575
1533 1555
1533 1577
1534 1556
1534 1578
1535 1557
1535 1579
1536 1558
1536 1559
1537 1538
1537 1560
1538 1560
1539 1561
1539 1583
1540 1583
1541 1562
1545 1566
1546 1567
1547 1568
1549 1570
1550 1571
1551 1572
1552 1573
1556 1577
1557 1578
1558 1579
1558 1582
1559 1580
1560 1581
