0 43
0 44
0 1562
1 22
1 133
1 1563
2 90
2 111
2 1564
3 24
3 1476
3 1565
4 69
4 1370
4 1435
5 70
5 1436
5 1523
6 71
6 158
6 224
7 28
7 72
7 1569
8 29
8 73
8 1570
9 30
9 119
9 1571
10 31
10 1506
10 1527
11 32
11 55
11 1573
12 33
12 1552
12 1574
13 34
13 57
13 1575
14 35
14 1532
14 1576
15 80
15 1381
15 1446
16 81
16 1513
16 1534
17 82
17 169
17 235
18 39
18 83
18 1580
19 40
19 84
19 1581
20 41
20 1560
20 1582
21 42
21 1561
21 1583
22 44
22 1562
23 67
23 68
23 1565
24 46
24 1563
25 47
25 91
25 1544
26 1392
26 1458
26 1545
27 93
27 180
27 1546
28 246
28 1547
29 51
29 95
30 52
30 1570
31 53
31 75
32 54
32 1571
33 55
33 1573
34 56
34 1574
35 57
35 1554
36 58
36 102
36 1555
37 1403
37 1469
37 1556
38 104
38 191
38 1557
39 257
39 1558
40 62
40 106
41 63
41 1581
42 64
42 1582
43 65
43 1583
44 87
45 89
45 155
45 177
46 67
46 1542
47 68
47 112
48 113
48 1414
48 1479
49 114
49 1480
49 1567
50 115
50 202
50 268
51 72
51 116
52 73
52 139
53 74
53 97
54 75
54 1550
55 76
56 77
56 100
57 78
58 79
58 1576
59 124
59 1425
59 1490
60 125
60 1491
60 1578
61 126
61 213
61 279
62 83
62 127
63 84
63 128
64 85
64 108
65 86
65 109
66 88
66 110
66 198
67 89
68 90
69 91
69 135
70 1436
70 1502
71 137
71 224
72 290
73 95
74 96
74 162
75 1549
76 98
76 120
77 99
77 121
78 100
78 122
79 101
79 123
80 102
80 146
81 1447
81 1534
82 148
82 235
83 301
84 106
85 107
85 129
86 108
86 130
87 109
87 131
88 131
88 176
89 110
90 111
91 112
92 157
92 1458
92 1523
93 158
93 1524
94 159
94 246
94 312
95 160
96 117
96 141
97 118
97 141
98 119
98 142
99 120
99 143
100 121
101 122
101 145
102 123
103 124
103 168
103 1469
104 169
104 1535
105 170
105 257
105 323
106 171
107 128
107 172
108 129
109 130
110 132
111 133
112 134
113 135
113 179
114 1480
114 1546
115 181
115 268
116 269
116 334
117 139
117 228
118 140
118 160
119 141
120 142
121 143
122 144
123 145
124 146
125 1491
125 1557
126 192
126 279
127 280
127 345
128 150
129 151
130 152
131 154
132 220
132 1043
133 154
134 155
134 178
135 156
136 201
136 1502
136 1567
137 202
137 1568
138 203
138 290
138 356
139 204
140 161
140 184
142 163
143 164
144 165
144 188
145 166
146 167
147 212
147 1513
147 1578
148 213
148 1579
149 214
149 301
149 367
150 171
150 215
151 172
151 216
152 173
152 196
153 174
153 197
153 218
154 176
155 177
156 178
156 200
157 179
157 223
158 1524
159 225
159 312
160 378
161 183
161 249
162 184
162 206
163 185
163 207
164 186
164 208
165 187
165 209
166 188
166 210
167 189
167 211
168 190
168 234
169 1535
170 236
170 323
171 389
172 194
173 195
173 217
174 196
174 218
175 197
175 219
175 307
176 219
177 198
178 199
179 200
180 245
180 1546
181 225
181 246
182 247
182 334
182 400
183 248
183 336
184 205
185 206
185 229
186 207
186 230
187 208
187 231
188 209
189 210
189 233
190 211
190 255
191 256
191 1557
192 236
192 257
193 258
193 345
193 411
194 215
194 259
195 216
195 260
196 217
197 241
198 220
199 221
199 243
200 222
201 223
201 267
202 1568
203 269
203 356
204 402
204 422
205 227
205 313
206 228
207 229
208 230
209 231
210 232
211 233
212 234
212 278
213 1579
214 280
214 367
215 433
216 238
217 239
218 285
219 241
220 263
221 242
221 265
222 243
222 266
223 244
224 289
225 290
226 291
226 378
226 444
227 271
227 292
228 249
229 250
230 251
231 252
232 253
232 276
233 254
234 255
235 300
236 301
237 302
237 389
237 455
238 259
238 303
239 260
239 304
240 261
240 263
240 329
241 262
242 264
242 286
243 265
244 266
244 288
245 267
245 311
247 313
247 400
248 423
248 466
249 271
250 272
250 294
251 273
251 295
252 274
252 296
253 275
253 297
254 276
254 298
255 277
256 278
256 322
258 324
258 411
259 477
260 282
261 283
261 305
262 264
262 394
263 285
264 307
265 286
266 287
267 288
268 333
269 334
270 335
270 422
270 488
271 444
272 293
272 337
273 294
273 317
274 295
274 318
275 296
275 319
276 297
277 298
277 321
278 299
279 344
280 345
281 346
281 433
281 499
282 303
282 347
283 304
283 348
284 305
284 328
284 373
285 306
286 308
287 309
287 331
288 310
289 311
289 355
291 315
291 357
292 379
292 465
293 315
293 359
294 316
295 317
296 318
297 319
298 320
299 321
299 343
300 322
300 366
302 368
302 455
303 521
304 326
305 306
306 328
307 329
308 351
308 352
309 330
309 353
310 331
310 354
311 332
312 377
313 378
314 379
314 466
314 532
315 380
316 337
316 381
317 338
318 339
319 340
320 341
320 364
321 342
322 343
323 388
324 368
324 389
325 390
325 477
325 543
326 347
326 391
327 348
327 350
327 392
328 349
329 350
330 352
330 374
331 353
332 354
332 376
333 355
333 399
335 401
335 554
336 402
336 554
337 359
338 360
338 382
339 361
339 383
340 362
340 384
341 363
341 385
342 364
342 386
343 365
344 366
344 410
346 412
346 499
347 565
348 370
349 371
349 460
350 372
351 373
351 395
352 395
353 374
354 375
355 376
356 421
357 422
357 467
358 423
358 445
358 531
359 424
360 381
360 425
361 382
361 405
362 383
362 406
363 384
363 407
364 385
365 386
365 409
366 387
367 432
368 433
369 434
369 521
369 587
370 391
370 435
371 392
371 393
372 392
372 393
373 394
374 396
375 397
375 419
376 398
377 399
377 443
379 445
380 533
380 598
381 403
382 404
383 405
384 406
385 407
386 408
387 409
387 431
388 410
388 454
390 456
390 543
391 609
393 415
394 416
395 417
396 439
396 440
397 418
397 441
398 419
398 442
399 420
400 465
401 466
401 489
402 467
403 424
403 468
404 425
404 469
405 426
406 427
407 428
408 429
408 452
409 430
410 431
411 476
412 456
412 477
413 478
413 565
413 631
414 435
414 458
414 479
415 436
415 438
416 437
416 458
417 438
417 461
418 440
418 462
419 441
420 442
420 464
421 443
421 487
423 489
424 642
425 447
426 448
426 470
427 449
427 471
428 450
428 472
429 451
429 473
430 452
430 474
431 453
432 454
432 498
434 500
434 587
435 653
436 437
436 458
437 459
438 460
439 461
439 483
440 483
441 462
442 463
443 464
444 509
445 510
446 511
446 598
446 664
447 468
447 512
448 469
448 513
449 470
449 493
450 471
450 494
451 472
451 495
452 473
453 474
453 497
454 475
455 520
456 521
457 522
457 609
457 675
459 480
459 502
460 481
461 482
462 484
463 485
463 507
464 486
465 487
467 533
468 686
469 491
470 492
471 493
472 494
473 495
474 496
475 497
475 519
476 498
476 542
478 544
478 631
479 632
479 697
480 502
480 504
481 503
481 677
482 504
482 526
483 505
484 527
484 528
485 506
485 529
486 507
486 530
487 508
488 553
488 620
489 554
490 555
490 642
490 708
491 512
491 556
492 513
492 557
493 514
494 515
495 516
496 517
496 540
497 518
498 519
499 564
500 544
500 565
501 566
501 653
501 719
502 567
503 524
503 611
504 525
505 526
505 549
506 528
506 550
507 529
508 530
508 552
509 531
509 707
510 576
510 597
511 577
511 664
512 730
513 535
514 536
514 558
515 537
515 559
516 538
516 560
517 539
517 561
518 540
518 562
519 541
520 542
520 586
522 588
522 675
523 654
523 676
523 741
524 546
524 590
525 547
525 721
526 548
527 549
527 571
528 571
529 550
530 551
531 552
532 576
532 597
533 598
534 599
534 686
534 752
535 556
535 600
536 557
536 601
537 558
537 581
538 559
538 582
539 560
539 583
540 561
541 562
541 585
542 563
543 608
544 609
545 610
545 697
545 763
546 567
546 611
547 568
547 655
548 569
548 592
549 570
550 572
551 573
551 595
552 574
553 575
553 641
555 621
555 708
556 774
557 579
558 580
559 581
560 582
561 583
562 584
563 585
563 607
564 586
564 630
566 632
566 719
567 785
568 590
568 634
569 591
569 765
570 592
570 614
571 593
572 615
572 616
573 594
573 617
574 595
574 638
575 596
575 728
576 641
577 621
577 642
578 643
578 730
578 796
579 600
579 644
580 601
580 645
581 602
582 603
583 604
584 605
584 628
585 606
586 607
587 652
588 653
588 740
589 654
589 741
589 807
590 1113
591 612
591 699
592 613
593 614
593 637
594 616
594 660
595 617
596 618
596 750
597 619
599 665
599 752
600 818
601 623
602 624
602 646
603 625
603 647
604 626
604 648
605 627
605 649
606 628
606 650
607 629
608 630
608 674
610 676
610 763
611 829
612 634
612 678
613 635
613 809
614 636
615 637
615 659
616 659
617 638
618 639
618 771
619 640
619 663
620 641
620 685
621 686
622 687
622 774
622 840
623 644
623 688
624 645
624 689
625 646
625 669
626 647
626 670
627 648
627 671
628 649
629 650
629 673
630 651
631 696
632 697
633 698
633 764
633 785
634 1157
635 656
635 743
636 657
636 658
637 658
638 660
639 661
639 793
640 662
640 684
643 709
643 796
644 862
645 667
646 668
647 669
648 670
649 671
650 672
651 673
651 695
652 674
652 718
654 720
655 721
655 873
656 678
656 722
657 679
657 831
658 680
659 681
660 703
661 682
661 792
662 683
662 706
663 684
663 707
664 729
665 709
665 730
666 731
666 818
666 884
667 688
667 732
668 689
668 733
669 690
670 691
671 692
672 693
672 716
673 694
674 695
675 740
676 741
677 742
677 808
678 1201
679 700
679 787
680 701
680 854
681 702
681 1397
682 704
682 770
683 705
683 727
684 706
685 707
685 751
687 753
687 840
688 906
689 711
690 712
690 734
691 713
691 735
692 714
692 736
693 715
693 737
694 716
694 738
695 717
696 718
696 762
698 764
698 851
699 765
699 917
700 722
700 766
701 723
701 832
702 724
702 855
703 725
703 834
704 747
704 748
705 726
705 749
706 727
708 773
709 774
710 775
710 862
710 928
711 732
711 776
712 733
712 777
713 734
713 757
714 735
714 758
715 736
715 759
716 737
717 738
717 761
718 739
719 784
720 785
720 807
721 786
722 787
723 744
723 788
724 745
724 833
725 746
725 813
726 748
726 770
727 749
728 750
728 772
729 751
729 795
731 797
731 884
732 950
733 755
734 756
735 757
736 758
737 759
738 760
739 761
739 783
740 762
742 808
742 873
743 809
743 961
744 766
744 810
745 767
745 811
746 768
746 790
747 769
747 791
748 791
749 770
750 771
751 772
752 817
753 797
753 818
754 819
754 906
754 972
755 776
755 820
756 777
756 821
757 778
758 779
759 780
760 781
760 804
761 782
762 783
763 828
764 829
765 830
766 831
767 1266
767 1332
768 789
768 812
769 790
769 1419
771 793
772 794
773 795
773 839
775 841
775 928
776 994
777 799
778 800
778 822
779 801
779 823
780 802
780 824
781 803
781 825
782 804
782 826
783 805
784 806
784 850
786 852
786 917
787 1005
788 810
788 854
789 811
789 833
790 812
791 813
792 835
792 836
793 814
794 815
794 838
795 816
796 861
797 862
798 863
798 950
798 1016
799 820
799 864
800 821
800 865
801 822
801 845
802 823
802 846
803 824
803 847
804 825
805 826
805 849
806 827
806 850
807 872
808 895
809 874
810 875
811 832
812 833
813 834
814 836
814 858
815 837
815 859
816 838
816 860
817 839
817 883
819 885
819 972
820 1038
821 843
822 844
823 845
824 846
825 847
826 848
827 849
827 871
828 894
828 1046
829 1069
830 896
830 961
831 897
832 854
834 856
835 857
835 879
836 879
837 858
837 881
838 859
839 860
840 905
841 885
841 906
842 907
842 973
842 1060
843 864
843 908
844 865
844 909
845 866
846 867
847 868
848 869
848 892
849 870
850 1024
851 916
851 1025
852 939
852 1091
853 918
853 984
853 1005
855 876
855 920
856 877
856 900
857 878
857 901
858 880
859 881
860 882
861 883
861 927
863 929
863 994
864 1082
865 887
866 888
866 910
867 889
867 911
868 890
868 912
869 891
869 1044
870 892
870 1023
871 1002
871 1045
872 1003
872 1090
873 1047
874 940
874 1027
875 941
875 1093
876 898
876 942
877 899
877 921
878 900
878 922
879 901
880 923
880 924
881 902
882 903
882 926
883 904
884 949
885 950
886 951
886 1038
886 1104
887 908
887 952
888 909
888 953
889 910
889 933
890 911
890 934
891 912
891 1022
892 1001
893 914
893 980
893 1068
894 915
894 959
895 960
895 1026
896 983
896 1135
897 962
897 1049
898 919
898 963
899 920
899 964
900 921
901 922
902 924
902 946
903 925
903 947
904 926
904 948
905 927
905 971
907 973
907 1060
908 1126
909 931
910 932
911 1065
912 1000
913 935
913 957
913 1066
914 958
914 1067
915 981
915 1089
916 982
916 1134
917 1070
918 984
918 1071
919 1072
919 1137
920 942
921 943
922 944
923 945
923 967
924 967
925 946
925 969
926 947
927 948
928 993
929 994
929 1016
930 995
930 1082
930 1148
931 952
931 996
932 953
932 997
933 954
933 1086
934 955
934 978
935 979
935 1087
936 957
936 1088
936 1111
937 958
937 1112
937 1133
938 959
938 960
938 1156
939 1004
939 1178
940 1027
940 1071
941 1006
941 1093
942 1007
943 964
943 1008
944 965
944 988
945 966
945 989
946 968
947 969
948 970
949 971
949 1015
951 1017
951 1104
952 1170
953 975
954 976
954 1108
955 999
955 1109
956 978
956 1110
956 1130
957 979
958 980
959 981
960 982
961 1114
962 1028
962 1115
963 1116
963 1181
964 986
965 987
965 1009
966 988
966 1010
967 989
968 1011
968 1012
969 990
970 991
970 1014
971 992
972 1037
973 1038
974 1039
974 1126
974 1192
975 996
975 1040
976 1064
976 1195
977 1021
977 1152
977 1173
978 999
979 1000
980 1001
981 1002
982 1003
983 1004
983 1048
984 1049
985 1050
985 1137
985 1203
986 1007
986 1051
987 1008
987 1052
988 1009
989 1010
990 1012
990 1034
991 1013
991 1035
992 1014
992 1036
993 1015
993 1059
995 1061
995 1148
996 1214
997 1019
997 1129
998 1020
998 1042
998 1217
999 1021
1000 1022
1001 1023
1002 1024
1003 1025
1004 1026
1005 1179
1006 1072
1006 1159
1007 1225
1008 1030
1009 1031
1010 1032
1011 1033
1011 1055
1012 1055
1013 1034
1013 1057
1014 1035
1015 1036
1016 1081
1017 1061
1017 1082
1018 1083
1018 1170
1018 1236
1019 1040
1019 1084
1020 1085
1020 1239
1021 1042
1022 1043
1023 1044
1024 1045
1025 1046
1026 1047
1027 1048
1028 1093
1028 1115
1029 1094
1029 1181
1029 1247
1030 1051
1030 1095
1031 1052
1031 1096
1032 1053
1032 1076
1033 1054
1033 1077
1034 1056
1035 1057
1036 1058
1037 1059
1037 1103
1039 1105
1039 1192
1040 1258
1041 1063
1041 1107
1041 1260
1042 1064
1043 1065
1044 1066
1045 1067
1046 1068
1047 1069
1048 1070
1049 1245
1050 1116
1050 1203
1051 1269
1052 1074
1053 1075
1053 1097
1054 1076
1054 1098
1055 1077
1056 1099
1056 1100
1057 1078
1058 1079
1058 1102
1059 1080
1060 1125
1061 1126
1062 1127
1062 1214
1062 1280
1063 1128
1063 1151
1064 1085
1065 1086
1066 1087
1067 1088
1068 1089
1069 1090
1070 1091
1071 1158
1072 1137
1073 1138
1073 1225
1073 1291
1074 1095
1074 1139
1075 1096
1075 1140
1076 1097
1077 1098
1078 1100
1078 1122
1079 1101
1079 1123
1080 1102
1080 1124
1081 1103
1081 1147
1083 1149
1083 1236
1084 1216
1084 1302
1085 1107
1086 1108
1087 1109
1088 1110
1089 1111
1090 1112
1091 1113
1092 1114
1092 1222
1092 1244
1094 1160
1094 1247
1095 1313
1096 1118
1097 1119
1098 1120
1099 1121
1099 1143
1100 1143
1101 1122
1101 1145
1102 1123
1103 1124
1104 1169
1105 1149
1105 1170
1106 1171
1106 1237
1106 1258
1107 1172
1108 1129
1109 1130
1110 1131
1111 1132
1112 1133
1113 1134
1114 1135
1115 1202
1116 1181
1117 1182
1117 1269
1117 1335
1118 1139
1118 1183
1119 1140
1119 1184
1120 1141
1120 1164
1121 1142
1121 1165
1122 1144
1123 1145
1124 1146
1125 1147
1125 1191
1127 1193
1127 1280
1128 1194
1128 1413
1129 1151
1130 1152
1131 1153
1131 1175
1132 1154
1132 1176
1133 1155
1134 1156
1135 1157
1136 1158
1136 1180
1136 1288
1138 1204
1138 1291
1139 1357
1140 1162
1141 1163
1141 1185
1142 1164
1142 1186
1143 1165
1144 1187
1144 1188
1145 1166
1146 1167
1146 1190
1147 1168
1148 1213
1149 1214
1150 1215
1150 1281
1150 1303
1151 1216
1152 1173
1153 1174
1153 1197
1154 1175
1154 1198
1155 1176
1155 1199
1156 1177
1157 1178
1158 1179
1159 1223
1159 1224
1160 1204
1160 1225
1161 1226
1161 1313
1161 1379
1162 1183
1162 1227
1163 1184
1163 1228
1164 1185
1165 1186
1166 1188
1166 1210
1167 1189
1167 1211
1168 1190
1168 1212
1169 1191
1169 1235
1171 1237
1171 1302
1172 1215
1172 1390
1173 1195
1174 1196
1174 1218
1175 1197
1176 1198
1177 1199
1177 1221
1178 1200
1179 1201
1180 1202
1180 1246
1182 1248
1182 1335
1183 1401
1184 1206
1185 1207
1186 1208
1187 1209
1187 1231
1188 1231
1189 1210
1189 1233
1190 1211
1191 1212
1192 1257
1193 1258
1193 1324
1194 1259
1194 1346
1195 1260
1196 1217
1196 1261
1197 1218
1198 1219
1199 1220
1200 1221
1200 1265
1201 1222
1202 1223
1203 1268
1204 1269
1205 1270
1205 1357
1205 1423
1206 1227
1206 1271
1207 1228
1207 1272
1208 1229
1208 1252
1209 1230
1209 1253
1210 1232
1211 1233
1212 1234
1213 1235
1213 1279
1215 1391
1216 1434
1217 1239
1218 1240
1219 1241
1219 1263
1220 1242
1220 1264
1221 1243
1222 1244
1223 1245
1224 1246
1224 1267
1226 1292
1226 1379
1227 1445
1228 1250
1229 1251
1229 1273
1230 1252
1230 1274
1231 1253
1232 1275
1232 1276
1233 1254
1234 1255
1234 1278
1235 1256
1236 1301
1237 1347
1238 1303
1238 1390
1238 1456
1239 1304
1240 1261
1240 1305
1241 1262
1241 1285
1242 1263
1242 1286
1243 1264
1243 1287
1244 1265
1245 1266
1246 1267
1247 1312
1248 1292
1248 1313
1249 1314
1249 1401
1249 1467
1250 1271
1250 1315
1251 1272
1251 1316
1252 1273
1253 1274
1254 1276
1254 1298
1255 1277
1255 1299
1256 1278
1256 1300
1257 1279
1257 1323
1259 1325
1259 1412
1260 1478
1261 1283
1262 1284
1262 1306
1263 1285
1264 1286
1265 1287
1266 1288
1267 1289
1268 1290
1268 1310
1270 1336
1270 1423
1271 1489
1272 1294
1273 1295
1274 1296
1275 1297
1275 1319
1276 1319
1277 1298
1277 1321
1278 1299
1279 1300
1280 1345
1281 1325
1281 1457
1282 1347
1282 1434
1282 1500
1283 1304
1283 1348
1284 1305
1284 1349
1285 1306
1286 1307
1287 1308
1288 1309
1289 1290
1289 1310
1290 1311
1291 1356
1292 1357
1293 1358
1293 1445
1293 1511
1294 1315
1294 1359
1295 1316
1295 1360
1296 1317
1296 1340
1297 1318
1297 1341
1298 1320
1299 1321
1300 1322
1301 1323
1301 1367
1302 1369
1303 1369
1304 1522
1305 1327
1306 1328
1307 1329
1307 1351
1308 1330
1308 1352
1309 1331
1309 1353
1310 1332
1311 1333
1311 1355
1312 1334
1312 1378
1314 1380
1314 1467
1315 1533
1316 1338
1317 1339
1317 1361
1318 1340
1318 1362
1319 1341
1320 1363
1320 1364
1321 1342
1322 1343
1322 1366
1323 1344
1324 1389
1324 1500
1325 1390
1326 1391
1326 1478
1326 1544
1327 1348
1327 1392
1328 1349
1328 1393
1329 1350
1329 1373
1330 1351
1330 1374
1331 1352
1331 1375
1332 1353
1333 1354
1333 1377
1334 1355
1334 1399
1335 1400
1336 1380
1336 1401
1337 1402
1337 1489
1337 1555
1338 1359
1338 1403
1339 1360
1339 1404
1340 1361
1341 1362
1342 1364
1342 1386
1343 1365
1343 1387
1344 1366
1344 1388
1345 1367
1345 1411
1346 1412
1346 1544
1347 1413
1348 1566
1349 1371
1350 1372
1350 1394
1351 1373
1352 1374
1353 1375
1354 1355
1354 1376
1356 1378
1356 1422
1358 1424
1358 1511
1359 1577
1360 1382
1361 1383
1362 1384
1363 1385
1363 1407
1364 1407
1365 1386
1365 1409
1366 1387
1367 1388
1368 1433
1368 1455
1368 1456
1369 1434
1370 1435
1370 1522
1371 1392
1371 1436
1372 1393
1372 1437
1373 1394
1374 1395
1375 1396
1376 1397
1376 1421
1377 1398
1377 1421
1378 1399
1379 1444
1380 1445
1381 1446
1381 1533
1382 1403
1382 1447
1383 1404
1383 1448
1384 1405
1384 1428
1385 1406
1385 1429
1386 1408
1387 1409
1388 1410
1389 1411
1389 1521
1391 1457
1393 1415
1394 1416
1395 1417
1395 1439
1396 1418
1396 1440
1397 1419
1398 1420
1398 1442
1399 1421
1400 1422
1400 1466
1402 1468
1402 1555
1404 1426
1405 1427
1405 1449
1406 1428
1406 1450
1407 1429
1408 1451
1408 1452
1409 1430
1410 1431
1410 1454
1411 1432
1412 1477
1413 1478
1414 1479
1414 1566
1415 1459
1415 1480
1416 1437
1416 1481
1417 1438
1417 1461
1418 1439
1418 1462
1419 1440
1420 1441
1420 1464
1422 1443
1423 1488
1424 1468
1424 1489
1425 1490
1425 1577
1426 1447
1426 1491
1427 1448
1427 1492
1428 1449
1429 1450
1430 1452
1430 1474
1431 1453
1431 1475
1432 1454
1432 1476
1433 1455
1433 1477
1435 1501
1437 1459
1438 1460
1438 1482
1439 1461
1440 1462
1441 1442
1441 1463
1442 1464
1443 1465
1443 1487
1444 1466
1444 1510
1446 1512
1448 1470
1449 1471
1450 1472
1451 1473
1451 1495
1452 1495
1453 1474
1453 1497
1454 1475
1455 1543
1456 1521
1457 1522
1458 1523
1459 1524
1460 1481
1460 1525
1461 1482
1462 1483
1463 1484
1463 1529
1464 1485
1465 1486
1465 1509
1466 1487
1467 1532
1468 1533
1469 1534
1470 1514
1470 1535
1471 1492
1471 1536
1472 1493
1472 1516
1473 1494
1473 1517
1474 1496
1475 1497
1476 1498
1477 1499
1479 1545
1481 1503
1482 1504
1483 1505
1483 1526
1484 1506
1484 1508
1485 1507
1485 1529
1486 1508
1486 1530
1487 1509
1488 1510
1488 1575
1490 1556
1492 1514
1493 1515
1493 1537
1494 1516
1494 1538
1495 1517
1496 1539
1496 1540
1497 1518
1498 1519
1498 1542
1499 1501
1499 1520
1500 1565
1501 1566
1502 1567
1503 1547
1503 1568
1504 1525
1504 1569
1505 1526
1505 1548
1506 1527
1507 1528
1507 1551
1508 1529
1509 1530
1510 1531
1511 1576
1512 1556
1512 1577
1513 1578
1514 1579
1515 1536
1515 1580
1516 1537
1517 1538
1518 1540
1518 1541
1519 1541
1519 1563
1520 1542
1520 1564
1521 1543
1525 1547
1526 1548
1527 1549
1528 1550
1528 1572
1530 1552
1531 1551
1531 1553
1532 1554
1536 1558
1537 1559
1538 1560
1539 1561
1539 1583
1541 1562
1543 1564
1548 1569
1549 1570
1550 1571
1551 1572
1552 1573
1553 1572
1553 1574
1554 1575
1558 1559
1559 1580
1560 1581
1561 1582
