0 1
0 10
0 38
0 39
1 2
1 37
1 38
2 13
2 36
2 37
3 13
3 14
3 25
3 35
4 14
4 24
4 34
4 35
5 6
5 33
5 34
5 43
6 7
6 33
6 43
7 8
7 42
7 53
8 19
8 41
8 53
9 19
9 30
9 40
9 52
10 29
10 39
10 40
11 12
11 21
11 49
11 50
12 13
12 48
12 49
13 47
14 35
14 46
15 16
15 44
15 45
15 46
16 17
16 44
16 45
17 18
17 54
18 30
18 53
18 54
19 30
19 41
20 31
20 41
20 50
20 51
21 49
21 50
21 51
22 23
22 32
22 60
22 61
23 24
23 59
23 60
24 58
24 59
25 36
25 46
25 47
26 27
26 36
26 55
26 56
27 55
27 56
27 65
28 29
28 65
29 64
30 63
31 32
31 42
31 62
32 51
32 61
33 34
33 43
34 45
35 47
36 57
37 38
37 56
38 39
39 40
40 52
41 63
42 43
42 62
44 45
44 54
46 57
47 57
48 58
49 50
51 52
52 63
53 63
54 64
55 56
55 65
57 58
58 59
59 60
60 61
61 62
62 63
63 64
64 65
