0 1
0 10
0 37
0 38
1 2
1 36
1 37
2 35
2 36
2 47
3 13
3 24
3 34
3 35
4 5
4 24
4 33
4 34
5 6
5 33
5 43
6 7
6 42
6 43
7 41
7 42
7 53
8 18
8 30
8 41
8 52
9 19
9 29
9 39
9 40
10 38
10 39
10 40
11 12
11 21
11 48
11 49
12 24
12 47
12 48
13 25
13 34
13 35
14 15
14 25
14 45
14 46
15 16
15 44
15 45
16 17
16 44
16 54
17 18
17 29
17 54
18 30
18 63
19 30
19 40
19 51
20 21
20 31
20 50
20 51
21 49
21 50
22 23
22 32
22 59
22 60
23 59
24 58
25 46
25 56
26 27
26 36
26 55
26 56
27 28
27 55
27 65
28 29
28 55
28 65
29 64
30 52
31 41
31 61
31 62
32 51
32 60
32 61
33 43
34 46
35 57
36 47
37 38
37 56
38 39
40 52
41 62
42 43
42 62
44 45
44 54
46 57
47 57
48 49
48 58
49 50
51 62
52 62
53 54
53 63
53 64
55 65
56 57
57 58
58 59
59 60
60 61
61 62
62 63
63 64
64 65
