0 1
0 10
0 37
0 38
1 2
1 36
1 37
2 13
2 35
2 47
3 13
3 24
3 34
3 46
4 5
4 23
4 33
4 34
5 6
5 33
5 43
6 7
6 42
6 43
7 41
7 42
7 53
8 18
8 30
8 40
8 52
9 19
9 29
9 30
9 39
10 37
10 38
10 39
11 12
11 21
11 48
11 49
12 47
12 48
12 58
13 35
13 57
14 15
14 25
14 34
14 45
15 44
15 45
15 54
16 17
16 44
16 54
17 18
17 29
17 53
18 30
18 63
19 31
19 40
19 51
20 21
20 39
20 50
20 51
21 49
21 50
22 23
22 32
22 59
22 60
23 24
23 58
24 35
24 57
25 36
25 46
25 56
26 27
26 36
26 45
26 55
27 55
27 64
27 65
28 29
28 64
28 65
29 63
30 52
31 41
31 60
31 61
32 59
32 60
32 61
33 43
34 46
35 57
36 56
37 38
39 40
40 52
41 62
42 43
42 61
44 45
44 54
46 57
47 57
47 58
48 49
49 50
50 51
51 62
52 62
53 54
53 63
55 56
55 65
56 57
58 59
59 60
61 62
62 63
63 64
64 65
