0 43
0 44
0 1562
1 24
1 46
1 1563
2 3
2 24
2 46
3 24
3 1499
3 1565
4 25
4 1522
5 1371
5 1436
5 1523
6 71
6 1524
7 138
7 225
7 1569
8 29
8 73
8 1570
9 30
9 1571
10 31
10 54
10 1572
11 1507
11 1551
11 1572
12 1551
12 1572
12 1574
13 34
13 57
13 1575
14 35
14 1532
14 1576
15 36
15 1533
15 1577
16 1382
16 1447
16 1534
17 82
17 169
17 1535
18 83
18 236
18 1536
19 40
19 84
19 1581
20 41
20 1560
20 1582
21 42
21 65
21 1583
22 44
22 46
22 154
23 24
23 46
23 111
24 46
24 1564
25 47
25 69
26 48
26 92
26 1392
27 93
27 1459
27 1546
28 94
28 181
28 246
29 51
29 95
30 52
31 53
31 119
32 97
32 1551
32 1572
33 55
33 1551
33 1572
34 56
34 78
35 57
35 79
36 58
36 1555
37 59
37 1403
37 1469
38 104
38 1470
38 1557
39 105
39 192
39 257
40 62
40 106
41 63
41 107
42 64
42 86
43 65
43 1583
44 87
44 154
44 176
45 46
45 90
45 177
46 67
47 68
47 1565
48 1566
49 1415
49 1480
49 1567
50 115
50 202
50 1568
51 203
51 269
52 73
53 74
53 76
54 97
54 1572
55 76
55 1551
55 1572
56 77
56 100
56 1551
57 78
57 101
57 1575
58 79
58 1576
59 80
59 1577
60 1426
60 1491
60 1578
61 126
61 192
61 1579
62 214
62 280
62 1580
63 84
63 128
64 85
65 86
65 109
66 133
66 154
66 176
67 111
67 133
68 1499
68 1564
69 91
69 113
70 92
70 136
70 1436
71 137
72 138
72 159
72 225
73 95
73 139
74 96
74 162
75 97
75 118
75 1572
76 1572
77 99
77 1551
77 1572
78 100
78 122
79 101
80 102
80 124
81 103
81 1447
81 1513
82 148
82 1579
83 149
83 170
83 236
84 106
84 150
85 107
86 108
86 130
87 109
87 176
88 131
88 133
88 154
89 111
89 133
89 154
90 111
90 134
91 112
91 135
91 156
92 157
93 1459
93 1524
94 159
94 246
95 313
96 117
97 118
97 141
98 118
98 1551
98 1572
99 120
99 1551
99 1572
100 121
100 122
100 144
101 122
101 145
102 123
102 146
102 167
103 124
103 168
104 1470
104 1535
105 170
105 257
106 258
106 324
107 128
107 172
108 129
108 152
109 130
109 176
110 133
110 154
110 176
111 133
112 134
112 156
112 178
113 135
113 157
113 179
114 180
114 1480
115 181
115 1547
116 182
116 269
116 334
117 183
118 140
118 162
119 140
119 1572
120 142
120 1572
121 143
121 144
121 165
122 144
122 166
123 145
123 167
124 146
124 168
125 147
125 1491
126 192
126 1558
127 193
127 280
127 345
128 150
128 194
129 151
129 195
130 152
130 174
131 153
131 176
132 133
132 154
132 176
134 155
134 178
135 156
135 179
136 201
137 1503
137 1568
138 203
139 291
139 357
140 161
140 228
141 205
141 271
142 163
142 1572
143 164
143 187
143 208
144 165
144 166
144 188
145 166
145 189
146 167
146 190
147 168
148 1514
148 1579
149 214
149 301
150 281
150 368
151 172
151 216
152 173
152 196
153 154
153 176
154 176
155 177
156 178
156 200
156 222
157 179
157 201
158 224
158 1524
158 1546
159 225
160 226
160 313
160 378
161 185
161 227
162 205
163 185
163 205
164 186
164 208
165 187
165 188
165 209
166 188
166 210
167 189
168 190
168 212
169 191
169 1535
170 236
171 193
171 237
171 324
172 194
172 238
173 195
173 239
174 176
174 196
174 285
175 176
175 220
175 263
176 219
177 198
178 199
178 222
178 243
179 200
179 223
179 244
180 201
181 1547
182 247
183 270
183 401
184 205
184 227
184 271
185 205
186 207
186 230
187 208
187 231
187 252
188 209
188 210
188 232
189 210
189 233
190 211
190 234
190 255
191 212
191 256
192 1558
193 258
194 215
194 412
195 216
195 260
196 217
196 240
196 285
197 198
197 263
197 285
198 220
199 221
199 243
200 222
200 244
202 268
202 1568
203 269
204 270
204 357
204 422
205 271
205 315
206 227
206 271
206 423
207 229
207 251
208 230
208 252
209 231
209 232
209 253
210 232
210 254
211 233
211 255
212 234
212 256
213 235
213 1579
214 280
215 281
215 368
216 238
216 282
217 239
217 283
218 220
218 240
218 263
219 263
219 285
221 242
221 265
222 243
222 266
222 287
223 244
223 267
223 288
224 245
226 291
226 378
227 380
227 445
228 271
228 423
229 250
229 271
230 251
230 274
231 252
231 275
231 296
232 253
232 254
232 276
233 254
233 277
234 255
234 278
235 256
237 302
238 325
238 456
239 260
239 304
240 285
240 372
241 263
241 285
241 329
242 264
242 286
243 265
243 287
244 266
244 288
244 310
245 267
246 268
247 313
248 314
248 401
248 466
249 271
249 423
249 489
250 271
250 272
251 273
251 295
252 274
252 296
253 275
253 276
253 297
254 276
254 298
255 277
256 278
256 300
257 279
258 324
259 325
259 346
259 412
260 282
260 326
261 283
261 285
261 372
262 263
262 285
262 372
263 285
264 307
264 308
264 351
265 286
265 309
266 287
266 310
267 288
267 311
268 289
270 335
271 489
272 293
272 489
273 294
273 317
274 295
274 318
275 296
275 319
275 340
276 297
276 298
276 320
277 298
277 321
278 299
278 322
279 300
279 344
281 346
282 369
282 500
283 304
283 348
283 372
284 285
284 329
284 372
285 306
286 308
286 330
287 309
287 331
288 310
289 311
289 333
290 312
290 356
291 357
292 358
292 445
292 510
293 423
293 489
294 316
294 360
295 317
295 339
296 318
296 340
297 319
297 320
297 341
298 320
298 342
299 321
300 322
300 344
301 323
302 368
303 369
303 390
303 456
304 326
304 370
305 327
305 329
305 372
306 350
306 372
307 329
307 351
308 351
308 352
308 395
309 330
309 353
310 331
311 332
311 355
312 333
314 379
314 598
315 423
315 489
316 337
316 489
317 338
317 361
318 339
318 362
319 340
319 363
319 384
320 341
320 342
320 364
321 342
321 365
322 343
322 366
322 387
323 344
325 390
326 413
326 544
327 372
327 437
328 329
328 350
328 372
329 350
330 352
330 374
331 353
331 375
331 397
332 354
333 355
333 377
334 400
335 401
335 422
336 358
336 423
336 489
337 403
337 489
338 360
338 404
339 361
339 383
340 362
340 384
341 363
341 364
341 385
342 364
342 386
343 365
343 387
344 366
344 388
345 367
346 412
347 413
347 434
347 500
348 370
348 372
348 414
349 350
349 372
349 437
350 372
351 373
352 395
352 396
352 439
353 374
353 397
354 375
355 376
356 377
356 421
358 423
358 467
359 423
359 489
359 577
360 381
360 425
361 382
361 405
362 383
362 406
363 384
363 407
363 428
364 385
364 386
364 408
365 386
365 409
366 387
366 410
367 388
369 434
370 522
370 588
371 372
371 392
371 394
372 393
373 394
374 396
374 418
375 397
376 398
377 399
377 421
378 444
379 445
379 533
380 423
380 489
381 447
381 489
382 404
382 448
383 405
383 427
384 406
384 428
385 407
385 408
385 429
386 408
386 430
387 409
388 410
388 432
389 411
390 456
391 457
391 478
391 544
392 416
392 437
393 416
393 437
394 416
394 438
395 417
395 439
396 439
396 440
397 418
397 419
397 441
398 419
398 442
399 420
400 421
402 423
402 489
402 510
403 489
403 621
404 425
404 469
405 426
405 449
406 427
406 450
407 428
407 451
407 472
408 429
408 430
408 452
409 430
409 453
410 431
410 454
410 475
413 478
414 566
414 632
415 416
415 437
415 481
416 437
417 438
417 461
418 440
418 441
418 462
419 441
419 463
420 442
421 443
421 465
422 488
423 489
424 490
424 577
424 642
425 491
426 448
426 492
427 449
427 471
428 450
428 472
429 451
429 452
429 473
430 452
430 474
431 453
431 475
432 454
432 476
432 498
433 455
434 500
435 501
435 588
436 437
436 481
436 547
437 459
437 524
438 460
439 461
439 483
440 483
440 484
440 527
441 462
441 463
441 485
442 463
442 486
442 507
443 464
444 488
444 509
446 466
446 511
447 512
447 665
448 469
448 513
449 470
449 493
450 471
450 494
451 472
451 495
451 516
452 473
452 474
452 496
453 474
453 497
454 475
454 498
454 519
457 522
457 588
458 481
458 523
458 676
459 481
459 547
460 481
461 482
461 505
462 484
462 485
462 506
463 485
463 507
463 529
464 486
465 487
466 532
467 489
467 510
468 534
468 621
468 686
469 491
469 535
470 492
470 536
471 493
471 515
472 494
472 516
473 495
473 496
473 517
474 496
474 518
475 497
475 519
476 498
476 520
476 542
477 499
478 544
479 545
479 632
479 676
480 481
480 525
480 547
481 502
481 503
482 504
483 505
483 527
484 527
484 528
484 571
485 506
485 529
486 507
487 508
488 509
490 555
491 709
492 513
492 557
493 514
493 537
494 515
494 538
495 516
495 539
495 560
496 517
496 518
496 540
497 518
497 541
498 519
498 542
498 563
501 566
502 547
502 720
503 525
503 547
504 525
505 526
505 549
506 528
507 529
508 530
509 531
510 576
510 620
511 576
512 665
512 730
513 535
513 579
514 536
514 580
515 537
515 559
516 538
516 560
517 539
517 540
517 561
518 540
519 541
519 563
520 542
520 564
520 586
521 543
522 588
523 589
523 654
523 676
524 525
524 547
525 546
525 547
526 548
527 549
527 593
528 571
529 550
529 573
530 551
531 552
532 553
532 685
533 576
533 597
534 599
535 753
536 557
536 601
537 558
537 581
538 559
538 582
539 560
539 583
539 604
540 561
540 562
540 584
541 562
541 585
542 563
542 586
542 607
545 610
546 547
546 591
547 568
547 612
548 569
549 570
550 572
550 573
550 594
551 573
551 595
551 617
552 574
553 575
553 707
554 576
554 597
554 619
555 621
556 643
556 709
556 774
557 579
557 623
558 580
558 624
559 581
559 603
560 582
560 604
561 583
561 584
561 605
562 584
563 585
563 607
564 586
564 608
564 630
565 587
566 632
567 633
567 698
567 720
568 591
568 656
569 591
569 592
570 592
571 593
572 615
572 616
572 681
573 594
574 595
575 596
575 728
576 597
577 642
578 643
578 730
579 731
579 797
580 601
580 645
581 602
581 625
582 603
582 626
583 604
583 627
583 648
584 605
584 606
584 628
585 606
585 629
586 607
586 630
586 651
589 654
590 591
590 635
590 656
591 612
591 634
592 613
593 614
594 616
595 617
596 618
596 750
597 619
597 641
598 619
598 640
599 665
600 753
600 818
601 623
601 667
602 624
602 668
603 625
603 647
604 626
604 648
605 627
605 628
605 649
606 628
607 629
607 651
608 630
608 652
608 674
609 631
610 676
611 656
611 677
611 959
612 656
613 635
613 809
614 636
614 658
615 637
616 659
617 638
618 639
618 706
619 640
619 663
620 640
620 662
622 687
622 774
623 775
623 841
624 645
624 689
625 646
625 669
626 647
626 670
627 648
627 671
627 692
628 649
628 650
628 672
629 650
629 673
630 651
630 674
630 695
633 698
634 635
634 656
635 656
635 700
636 657
636 875
637 658
638 660
639 661
639 727
640 662
640 684
641 662
641 683
642 708
643 709
644 731
644 797
645 711
646 668
646 712
647 669
647 691
648 670
648 692
649 671
649 672
649 693
650 672
651 673
651 695
652 674
652 696
652 718
653 675
654 720
655 656
655 960
655 982
656 678
656 722
657 679
657 853
658 680
659 681
660 703
660 769
661 682
661 835
662 683
662 706
663 683
663 705
664 685
664 708
664 729
666 731
666 797
666 818
667 819
667 885
668 689
668 733
669 690
669 713
670 691
670 714
671 692
671 715
671 736
672 693
672 694
672 716
673 694
673 717
674 695
674 718
674 739
677 742
678 679
678 960
679 700
679 765
680 701
680 898
681 702
682 704
682 792
683 705
683 727
684 705
684 726
685 707
685 729
686 708
686 752
687 753
688 841
688 906
689 711
689 755
690 712
690 756
691 713
691 735
692 714
692 736
693 715
693 716
693 737
694 716
695 717
695 739
696 718
696 740
696 762
697 719
698 960
699 960
699 1004
699 1026
700 723
701 723
701 810
702 724
702 789
703 725
703 769
704 747
704 813
705 726
705 749
706 726
707 728
707 751
708 729
708 752
708 773
710 775
710 862
711 929
712 733
712 777
713 734
713 757
714 735
714 758
715 736
715 759
715 780
716 737
716 738
716 760
717 738
717 761
718 739
718 762
718 783
720 960
720 982
721 786
721 960
721 1004
722 723
722 1004
723 744
723 788
724 745
724 898
725 746
725 857
726 748
726 770
727 749
728 750
728 772
729 751
729 773
732 798
732 885
732 950
733 799
734 756
734 800
735 757
735 779
736 758
736 780
737 759
737 760
737 781
738 760
739 761
739 783
740 762
740 784
740 959
741 763
742 960
743 1004
743 1027
743 1048
744 745
744 768
745 767
745 811
746 768
746 790
747 769
747 791
748 768
748 791
749 770
749 793
750 771
750 794
751 772
751 795
751 816
752 773
752 796
752 817
754 819
754 885
754 906
755 907
755 973
756 777
756 821
757 778
757 801
758 779
758 802
759 780
759 803
759 824
760 781
760 782
760 804
761 782
761 805
762 783
762 806
762 958
764 960
764 982
764 1004
765 1004
765 1027
766 1004
766 1027
766 1048
767 768
767 788
768 789
768 812
770 792
770 814
771 793
771 815
772 794
772 816
773 795
773 817
774 840
776 929
776 994
777 799
777 843
778 800
778 844
779 801
779 823
780 802
780 824
781 803
781 804
781 825
782 804
783 805
783 958
784 806
784 958
784 959
785 807
785 960
785 982
786 852
786 960
787 1027
787 1048
787 1092
788 854
788 1027
789 811
790 812
790 834
791 813
791 835
792 835
792 836
793 814
793 815
793 837
794 815
794 838
794 859
795 816
795 839
795 860
796 817
796 840
796 861
798 863
799 1017
800 821
800 865
801 822
801 845
802 823
802 846
803 824
803 847
803 999
804 825
804 957
804 979
805 826
805 957
806 958
806 959
807 959
807 960
808 960
808 982
808 1004
809 1027
809 1048
810 1027
810 1092
811 832
811 876
812 833
812 856
813 834
813 857
814 836
814 837
814 858
815 837
815 859
816 838
816 860
817 839
817 861
819 885
820 973
820 1038
821 843
821 887
822 844
822 888
823 845
823 867
824 846
824 999
825 847
825 957
825 979
826 957
827 958
827 959
827 980
828 959
828 981
828 982
829 960
829 982
829 1004
830 1004
830 1027
830 1091
831 1027
831 1092
831 1136
832 854
832 898
832 1027
833 855
833 877
833 899
834 856
834 878
834 900
835 857
835 879
836 879
836 880
836 923
837 858
837 859
837 881
838 859
838 882
838 903
839 860
839 883
839 904
840 861
840 884
840 905
842 907
842 929
842 973
843 995
843 1061
844 865
844 909
845 866
845 1064
846 867
846 999
847 868
847 979
847 999
848 957
848 979
848 1000
849 957
849 958
849 980
850 958
850 959
850 1024
851 960
851 982
851 1025
852 1004
852 1047
853 1027
853 1048
854 1027
854 1092
854 1136
855 876
855 899
855 920
856 877
856 900
856 921
857 878
857 901
858 880
858 881
858 902
859 881
859 903
860 882
860 904
861 883
861 905
862 884
863 929
864 886
864 930
864 1017
865 887
865 931
866 888
866 1064
867 889
867 1042
868 890
868 999
869 957
869 979
869 1000
870 957
870 958
870 1023
871 958
871 959
871 1002
872 959
872 982
872 1003
873 960
873 1004
873 1026
874 1027
874 1048
874 1135
875 1028
875 1180
876 898
876 942
876 963
877 899
877 921
877 943
878 900
878 922
878 944
879 901
879 923
880 923
880 924
880 967
881 902
881 903
881 925
882 903
882 926
882 947
883 904
883 927
883 948
884 905
886 951
887 974
887 1105
888 909
888 953
889 910
889 1064
890 911
890 999
891 912
891 979
891 1000
892 957
892 979
892 1001
893 958
893 980
893 981
894 959
894 981
894 982
895 960
895 982
895 1004
896 1027
896 1048
896 1070
897 962
897 1136
897 1180
898 1116
899 920
899 964
900 921
900 944
901 922
901 945
902 924
902 925
902 946
903 925
903 947
904 926
904 948
905 927
905 949
906 928
907 973
908 1061
908 1126
909 931
909 975
910 932
910 1064
911 1021
911 1065
912 999
912 1043
913 957
913 979
913 1000
914 957
914 958
914 980
915 958
915 959
915 981
916 959
916 960
916 982
917 1004
917 1027
917 1048
918 984
918 1027
918 1092
919 985
919 1180
919 1246
920 942
920 986
921 943
921 987
922 944
922 966
923 945
923 967
924 967
924 968
924 1011
925 946
925 947
925 969
926 947
926 970
926 991
927 948
927 971
927 992
928 949
928 993
930 995
930 1061
931 1018
931 1149
932 953
932 1064
933 1042
933 1064
933 1086
934 999
934 1021
934 1022
935 957
935 979
935 1000
936 957
936 958
936 980
937 958
937 981
937 1002
938 959
938 982
938 1003
939 960
939 1004
939 1026
940 1027
940 1092
940 1114
941 1006
941 1136
941 1180
942 1007
942 1160
942 1180
943 964
943 1008
944 965
944 988
945 966
945 989
946 968
946 969
946 990
947 969
947 991
948 970
948 992
949 971
949 993
950 972
951 1017
952 974
952 1039
952 1105
953 1019
953 1151
954 1042
954 1064
954 1108
955 999
955 1021
955 1042
956 979
956 1000
956 1022
957 979
958 980
959 981
960 982
961 1004
961 1027
961 1048
962 1028
962 1136
963 1029
963 1116
963 1180
964 986
964 1030
965 987
965 1031
966 988
966 1010
967 989
967 1011
968 1011
968 1012
968 1055
969 990
969 991
969 1013
970 991
970 1014
970 1035
971 992
971 1015
971 1036
972 993
974 1039
975 1062
975 1193
976 997
976 1064
976 1151
977 999
977 1021
977 1042
978 999
978 1022
978 1043
979 1000
980 1001
981 1002
982 1003
983 1004
983 1027
983 1048
984 1027
984 1136
985 1050
985 1180
986 1051
986 1204
987 1008
987 1052
988 1009
988 1032
989 1010
989 1033
990 1012
990 1013
990 1034
991 1013
991 1035
992 1014
992 1036
993 1015
993 1037
994 1016
995 1061
996 1062
996 1083
996 1149
997 1063
997 1151
998 1021
998 1042
998 1064
999 1021
1000 1022
1001 1023
1002 1024
1003 1025
1004 1026
1005 1027
1005 1048
1005 1092
1006 1072
1006 1180
1007 1073
1007 1160
1007 1204
1008 1030
1008 1074
1009 1031
1009 1075
1010 1032
1010 1054
1011 1033
1011 1055
1012 1055
1012 1056
1012 1099
1013 1034
1013 1035
1013 1057
1014 1035
1014 1058
1014 1079
1015 1036
1015 1059
1015 1080
1016 1037
1016 1081
1018 1083
1018 1170
1019 1237
1020 1042
1020 1064
1020 1151
1021 1042
1022 1043
1023 1044
1024 1045
1025 1046
1026 1047
1027 1092
1028 1180
1029 1094
1030 1095
1030 1248
1031 1052
1031 1096
1032 1053
1032 1076
1033 1054
1033 1077
1034 1056
1034 1057
1034 1078
1035 1057
1035 1079
1036 1058
1036 1080
1037 1059
1037 1081
1038 1060
1039 1105
1040 1106
1040 1127
1040 1193
1041 1064
1041 1129
1041 1151
1042 1064
1043 1065
1044 1066
1044 1088
1045 1067
1045 1089
1046 1068
1046 1090
1047 1069
1048 1070
1049 1092
1049 1136
1049 1158
1050 1116
1050 1180
1051 1117
1051 1269
1052 1118
1053 1075
1053 1119
1054 1076
1054 1098
1055 1077
1055 1099
1056 1099
1056 1100
1056 1143
1057 1078
1057 1079
1057 1101
1058 1079
1058 1102
1059 1080
1059 1103
1060 1081
1060 1125
1062 1127
1063 1173
1063 1303
1064 1085
1065 1086
1066 1087
1066 1110
1067 1088
1067 1111
1068 1089
1069 1090
1069 1113
1070 1091
1071 1092
1071 1136
1071 1158
1072 1136
1072 1180
1073 1138
1074 1226
1074 1292
1075 1096
1075 1140
1076 1097
1076 1120
1077 1098
1077 1121
1078 1100
1078 1101
1078 1122
1079 1101
1079 1123
1080 1102
1081 1103
1081 1125
1082 1104
1083 1149
1084 1150
1084 1302
1085 1129
1085 1151
1086 1108
1087 1109
1087 1131
1088 1110
1088 1132
1089 1111
1090 1112
1091 1113
1092 1114
1093 1136
1093 1180
1093 1202
1094 1160
1095 1161
1095 1248
1095 1313
1096 1118
1096 1162
1097 1119
1097 1163
1098 1120
1098 1142
1099 1121
1099 1143
1100 1143
1100 1144
1100 1187
1101 1122
1101 1123
1101 1145
1102 1123
1102 1146
1103 1124
1103 1147
1106 1171
1106 1258
1107 1303
1107 1347
1107 1369
1108 1129
1109 1130
1110 1131
1110 1154
1111 1132
1111 1155
1112 1133
1113 1134
1114 1135
1115 1136
1115 1180
1115 1202
1117 1182
1118 1336
1119 1140
1119 1184
1120 1141
1120 1164
1121 1142
1121 1165
1122 1144
1122 1145
1122 1166
1123 1145
1123 1167
1124 1146
1125 1147
1125 1169
1125 1191
1126 1148
1127 1193
1128 1303
1128 1326
1128 1369
1129 1195
1130 1152
1131 1153
1131 1175
1132 1154
1132 1176
1133 1155
1133 1177
1134 1156
1135 1157
1136 1158
1137 1180
1137 1223
1137 1246
1138 1204
1139 1205
1139 1292
1139 1357
1140 1162
1140 1206
1141 1163
1141 1207
1142 1164
1142 1186
1143 1165
1143 1187
1144 1187
1144 1188
1144 1231
1145 1166
1145 1167
1145 1189
1146 1167
1146 1190
1147 1168
1147 1191
1147 1212
1148 1169
1148 1213
1150 1215
1151 1369
1151 1390
1152 1173
1152 1217
1153 1174
1153 1197
1154 1175
1154 1198
1155 1176
1155 1199
1156 1177
1157 1178
1157 1201
1158 1179
1159 1180
1159 1202
1159 1246
1161 1226
1161 1313
1162 1314
1162 1380
1163 1184
1163 1228
1164 1185
1164 1208
1165 1186
1165 1209
1166 1188
1166 1189
1166 1210
1167 1189
1167 1211
1168 1190
1168 1212
1169 1191
1169 1213
1170 1192
1171 1237
1171 1303
1172 1303
1172 1369
1172 1434
1173 1239
1174 1196
1174 1240
1175 1197
1175 1219
1176 1198
1176 1220
1177 1199
1178 1200
1178 1222
1179 1201
1179 1223
1180 1202
1181 1202
1181 1246
1181 1311
1182 1248
1182 1269
1183 1249
1183 1336
1184 1250
1185 1207
1185 1251
1186 1208
1186 1230
1187 1209
1187 1231
1188 1231
1188 1232
1188 1275
1189 1210
1189 1211
1189 1233
1190 1211
1191 1212
1191 1235
1191 1256
1192 1213
1194 1239
1194 1303
1194 1478
1195 1259
1195 1413
1196 1217
1196 1261
1197 1218
1197 1241
1198 1219
1198 1242
1199 1220
1199 1243
1200 1221
1200 1244
1201 1222
1201 1245
1202 1223
1203 1246
1203 1267
1203 1311
1205 1270
1206 1271
1206 1424
1207 1228
1207 1272
1208 1229
1208 1252
1209 1230
1209 1253
1210 1232
1210 1233
1210 1254
1211 1233
1212 1234
1212 1256
1213 1235
1213 1257
1214 1236
1214 1280
1215 1281
1216 1282
1216 1369
1216 1434
1217 1283
1218 1240
1219 1241
1219 1263
1220 1242
1220 1264
1221 1243
1221 1265
1222 1244
1223 1245
1224 1246
1224 1267
1224 1311
1225 1246
1225 1311
1225 1377
1226 1292
1227 1293
1227 1380
1227 1445
1228 1250
1228 1294
1229 1251
1229 1295
1230 1252
1230 1274
1231 1253
1231 1275
1232 1275
1232 1276
1232 1319
1233 1254
1233 1255
1233 1277
1234 1255
1234 1278
1235 1256
1235 1279
1235 1300
1236 1257
1238 1303
1238 1369
1238 1434
1239 1457
1240 1261
1241 1262
1241 1285
1242 1263
1242 1286
1243 1264
1243 1287
1244 1265
1245 1266
1246 1267
1247 1267
1247 1289
1247 1311
1249 1314
1250 1468
1251 1272
1251 1316
1252 1273
1252 1296
1253 1274
1253 1297
1254 1276
1254 1277
1254 1298
1255 1277
1255 1299
1256 1278
1256 1300
1257 1279
1257 1301
1258 1280
1259 1303
1259 1369
1260 1326
1260 1413
1260 1478
1261 1327
1262 1284
1263 1285
1263 1307
1264 1286
1264 1308
1265 1287
1265 1309
1266 1288
1267 1268
1267 1289
1268 1311
1268 1377
1269 1311
1270 1336
1271 1337
1271 1424
1271 1489
1272 1294
1272 1338
1273 1295
1273 1339
1274 1296
1274 1318
1275 1297
1275 1319
1276 1319
1276 1320
1276 1363
1277 1298
1277 1299
1277 1321
1278 1299
1278 1322
1278 1343
1279 1300
1279 1323
1279 1344
1280 1301
1281 1544
1282 1325
1282 1347
1283 1501
1284 1305
1285 1306
1285 1329
1286 1307
1286 1330
1287 1308
1287 1331
1287 1352
1288 1309
1288 1332
1289 1310
1290 1311
1290 1333
1290 1377
1291 1311
1291 1333
1291 1377
1293 1358
1293 1445
1294 1446
1294 1512
1295 1316
1295 1360
1296 1317
1296 1340
1297 1318
1297 1341
1298 1320
1298 1321
1298 1342
1299 1321
1299 1343
1300 1322
1300 1344
1301 1323
1301 1345
1302 1324
1303 1369
1304 1370
1304 1457
1304 1522
1305 1371
1306 1328
1307 1329
1307 1351
1308 1330
1308 1352
1309 1331
1309 1332
1309 1353
1310 1332
1310 1354
1311 1333
1311 1334
1312 1333
1312 1377
1312 1398
1313 1379
1314 1380
1315 1381
1315 1468
1315 1533
1316 1338
1316 1382
1317 1339
1317 1383
1318 1340
1318 1362
1319 1341
1319 1363
1320 1363
1320 1364
1320 1407
1321 1342
1321 1343
1321 1365
1322 1343
1322 1366
1322 1387
1323 1344
1323 1367
1323 1388
1324 1345
1324 1369
1325 1369
1325 1434
1326 1391
1327 1545
1328 1349
1329 1350
1330 1351
1330 1374
1331 1352
1331 1375
1332 1353
1332 1376
1333 1354
1334 1377
1334 1398
1335 1356
1335 1377
1335 1400
1337 1402
1338 1490
1338 1556
1339 1360
1339 1404
1340 1361
1340 1384
1341 1362
1341 1385
1342 1364
1342 1365
1342 1386
1343 1365
1343 1387
1344 1366
1344 1388
1345 1367
1345 1369
1346 1368
1346 1391
1347 1413
1348 1414
1348 1501
1348 1566
1349 1415
1350 1372
1351 1373
1352 1374
1352 1396
1353 1375
1353 1397
1354 1376
1354 1398
1355 1377
1355 1398
1355 1420
1356 1377
1356 1378
1356 1398
1357 1379
1358 1424
1358 1489
1359 1425
1359 1512
1359 1577
1360 1382
1360 1426
1361 1383
1361 1427
1362 1384
1362 1406
1363 1385
1363 1407
1364 1407
1364 1408
1364 1451
1365 1386
1365 1387
1365 1409
1366 1387
1366 1410
1366 1431
1367 1388
1367 1411
1367 1432
1370 1435
1372 1393
1373 1394
1374 1395
1374 1418
1375 1396
1376 1397
1377 1398
1377 1421
1378 1398
1378 1420
1378 1464
1379 1400
1381 1446
1381 1533
1382 1534
1383 1404
1383 1448
1384 1405
1384 1428
1385 1406
1385 1429
1386 1408
1386 1409
1386 1430
1387 1409
1387 1431
1388 1410
1388 1432
1389 1434
1389 1500
1389 1521
1390 1434
1390 1500
1391 1457
1392 1458
1392 1545
1393 1459
1394 1416
1394 1460
1395 1417
1395 1439
1396 1418
1397 1419
1398 1399
1398 1420
1399 1420
1399 1464
1400 1422
1400 1444
1401 1423
1402 1468
1403 1469
1403 1556
1404 1426
1404 1470
1405 1427
1405 1471
1406 1428
1406 1450
1407 1429
1407 1451
1408 1451
1408 1452
1408 1495
1409 1430
1409 1431
1409 1453
1410 1431
1410 1454
1411 1432
1411 1521
1412 1433
1412 1500
1414 1479
1416 1437
1416 1481
1417 1438
1418 1439
1418 1462
1419 1440
1419 1463
1420 1441
1420 1464
1421 1464
1421 1485
1422 1443
1422 1464
1422 1466
1425 1490
1425 1577
1426 1578
1427 1448
1427 1492
1428 1449
1428 1472
1429 1450
1429 1473
1430 1452
1430 1453
1430 1474
1431 1453
1431 1475
1432 1454
1433 1565
1434 1456
1434 1500
1435 1501
1436 1502
1437 1503
1438 1460
1439 1461
1439 1483
1440 1462
1441 1463
1442 1464
1442 1485
1442 1507
1443 1464
1443 1465
1443 1485
1444 1466
1444 1488
1444 1510
1445 1467
1446 1512
1447 1513
1448 1514
1449 1471
1449 1515
1450 1472
1450 1494
1451 1473
1451 1495
1452 1495
1452 1496
1452 1539
1453 1474
1453 1475
1453 1497
1454 1475
1455 1476
1455 1500
1455 1521
1456 1500
1456 1521
1458 1523
1460 1481
1460 1525
1461 1482
1461 1505
1462 1483
1463 1484
1464 1485
1464 1508
1465 1485
1465 1507
1465 1551
1466 1487
1466 1510
1466 1531
1467 1488
1467 1532
1469 1534
1471 1492
1471 1536
1472 1493
1472 1516
1473 1494
1473 1517
1474 1496
1474 1497
1474 1518
1475 1497
1476 1500
1476 1521
1477 1500
1477 1521
1477 1565
1478 1544
1479 1545
1480 1546
1481 1547
1482 1504
1483 1505
1484 1506
1485 1486
1485 1507
1486 1507
1486 1551
1487 1509
1487 1531
1488 1510
1488 1532
1489 1511
1490 1556
1491 1557
1492 1514
1492 1558
1493 1515
1493 1559
1494 1516
1494 1538
1495 1517
1495 1539
1496 1539
1496 1540
1496 1583
1497 1518
1497 1519
1497 1541
1498 1519
1498 1521
1498 1542
1499 1521
1500 1521
1502 1567
1504 1525
1505 1526
1506 1527
1507 1528
1507 1573
1508 1551
1508 1572
1509 1530
1509 1551
1510 1531
1510 1554
1510 1575
1511 1532
1513 1578
1515 1536
1515 1580
1516 1537
1516 1560
1517 1538
1517 1561
1518 1540
1518 1541
1518 1562
1519 1521
1519 1541
1520 1521
1520 1544
1520 1565
1521 1543
1525 1547
1525 1569
1526 1548
1527 1549
1527 1550
1528 1550
1528 1572
1529 1550
1529 1551
1529 1572
1530 1551
1530 1552
1530 1572
1531 1553
1531 1575
1532 1554
1532 1576
1536 1558
1537 1559
1537 1581
1538 1560
1538 1582
1539 1561
1539 1583
1540 1561
1540 1562
1540 1583
1541 1542
1541 1562
1541 1563
1542 1563
1542 1565
1543 1544
1543 1565
1544 1565
1548 1569
1549 1570
1550 1571
1551 1572
1552 1572
1552 1573
1552 1574
1553 1574
1554 1575
1555 1576
1555 1577
1557 1578
1559 1580
1559 1581
1560 1581
1560 1582
1561 1582
1561 1583
1562 1563
1562 1582
1562 1583
1563 1565
1564 1565
1569 1570
1573 1574
1573 1575
1574 1575
1580 1581
1581 1582
1581 1583
1582 1583
