0 43
0 1494
0 1518
1 1367
1 1432
1 1519
2 67
2 133
2 1520
3 68
3 221
3 1521
4 25
4 69
4 1566
5 26
5 138
5 1567
6 27
6 50
6 1568
7 1503
7 1547
7 1568
8 1547
8 1568
8 1570
9 30
9 1438
9 1571
10 31
10 1528
10 1572
11 32
11 1529
11 1573
12 1378
12 1443
12 1530
13 78
13 144
13 1531
14 79
14 232
14 1532
15 36
15 80
15 1577
16 37
16 1556
16 1578
17 38
17 61
17 1579
18 39
18 64
18 172
19 40
19 64
19 130
20 21
20 42
20 64
21 42
21 1517
21 1583
22 88
22 1388
22 1541
23 89
23 1476
23 1542
24 90
24 177
24 242
25 47
25 91
26 48
26 769
27 49
27 115
28 93
28 1547
28 1568
29 1480
29 1547
29 1568
30 52
30 1547
31 53
31 75
32 54
32 1551
33 99
33 1399
33 1552
34 100
34 1487
34 1553
35 101
35 188
35 253
36 58
36 102
37 59
37 103
38 60
38 82
39 61
39 172
40 64
40 172
41 42
41 64
41 129
42 64
42 1582
43 65
43 1473
44 87
44 131
44 1562
45 1411
45 1476
45 1563
46 111
46 177
46 1564
47 112
47 265
47 1565
48 69
48 747
49 70
49 94
50 93
50 1568
51 1546
51 1547
51 1568
52 73
52 1547
53 74
53 97
54 75
54 1572
55 76
55 120
55 1573
56 1422
56 1487
56 1574
57 122
57 188
57 1575
58 123
58 276
58 1576
59 80
59 124
60 81
60 104
61 82
61 172
62 83
62 151
62 172
63 64
63 108
63 151
64 85
65 86
65 1560
66 132
66 1432
66 1498
67 133
67 1520
68 134
68 221
68 286
69 135
69 682
70 92
70 181
71 93
71 114
71 1568
72 1524
72 1547
72 1568
73 1547
73 1568
74 96
74 1547
75 97
75 119
76 98
76 120
77 143
77 1443
77 1509
78 144
78 1531
79 145
79 232
79 297
80 102
80 146
81 103
81 147
82 104
82 126
83 105
83 172
84 151
84 172
84 195
85 129
85 151
86 108
86 1538
87 109
87 131
88 131
88 175
89 1455
89 1520
90 155
90 221
91 156
91 309
92 113
92 246
93 114
93 137
94 114
94 1568
95 116
95 1547
95 1568
96 117
96 1547
97 118
97 141
98 119
98 142
99 120
99 164
100 1466
100 1531
101 166
101 232
102 167
102 320
103 124
103 168
104 125
104 148
105 126
105 172
106 151
106 172
106 173
107 129
107 151
107 172
108 129
109 130
109 153
110 176
110 1476
110 1542
111 177
111 1564
112 178
112 265
112 330
113 179
113 225
114 136
114 202
115 136
115 180
116 138
116 1568
117 1547
117 1568
118 140
118 162
119 141
119 163
120 142
120 164
121 187
121 1487
121 1553
122 188
122 1575
123 189
123 276
123 341
124 146
124 190
125 147
125 191
126 148
126 281
127 151
127 172
127 239
128 129
128 151
128 172
129 151
130 152
131 153
131 175
132 175
132 219
133 1499
133 1564
134 199
134 265
135 353
135 617
136 157
136 268
137 180
137 201
138 180
139 160
139 1547
139 1568
140 161
140 184
141 162
141 185
142 163
142 186
143 164
143 208
144 1510
144 1575
145 210
145 276
146 211
146 364
147 168
147 212
148 169
148 281
149 170
149 172
149 281
150 151
150 172
150 238
151 172
152 173
152 1581
153 174
153 197
154 176
154 220
154 1520
155 177
155 221
156 222
156 309
156 374
157 223
157 333
158 180
158 201
158 267
159 180
159 201
159 1567
160 180
160 182
161 183
161 205
162 184
162 206
163 185
163 207
164 186
164 208
165 187
165 231
165 1531
166 188
166 232
167 233
167 320
167 385
168 190
168 234
169 191
169 281
170 192
170 281
171 172
171 216
171 259
172 194
173 195
174 196
174 218
175 197
175 219
176 219
176 263
177 1543
178 243
178 309
179 312
179 397
180 201
180 224
181 201
181 267
182 201
182 203
183 204
183 227
183 248
184 205
184 228
185 206
185 229
186 207
186 230
187 208
187 252
188 1554
189 254
189 320
190 255
190 408
191 212
191 256
192 213
192 281
193 259
193 281
193 282
194 238
194 259
195 216
196 217
196 240
197 218
197 241
198 220
198 264
198 1564
199 221
199 265
200 266
200 353
200 418
201 267
201 289
202 267
202 332
203 225
203 267
204 226
204 248
205 227
205 249
206 228
206 250
207 229
207 251
208 230
208 252
209 231
209 275
209 1575
210 232
210 276
211 277
211 364
211 429
212 234
212 278
213 235
213 281
214 259
214 260
214 281
215 238
215 259
215 281
216 238
217 239
217 261
218 240
218 262
219 241
219 263
220 263
220 307
222 287
222 704
223 441
223 442
224 267
224 332
225 267
226 247
226 267
227 248
227 271
227 292
228 249
228 272
229 250
229 273
230 251
230 274
231 252
231 296
233 298
233 364
234 299
234 452
235 256
235 281
236 257
236 259
236 281
237 238
237 259
237 281
238 259
239 260
240 261
240 284
241 262
241 285
242 264
242 308
243 265
243 309
244 310
244 397
244 462
245 267
245 332
245 485
246 267
246 332
247 269
247 332
248 270
248 292
249 271
249 293
250 272
250 294
251 273
251 295
252 274
252 296
253 275
253 319
254 276
254 320
255 321
255 408
255 473
256 281
256 322
257 279
257 281
258 259
258 281
258 325
259 281
260 282
261 283
261 305
262 284
262 306
263 285
263 307
264 307
264 351
266 331
266 399
267 485
268 332
268 485
269 290
269 332
270 291
270 314
271 292
271 315
271 336
272 293
272 316
273 294
273 317
274 295
274 318
275 296
275 340
277 342
277 408
278 343
278 496
279 281
279 300
280 281
280 346
280 347
281 302
282 303
283 304
283 327
284 305
284 328
285 306
285 329
286 308
286 352
287 353
287 464
288 354
288 441
288 506
289 332
289 485
290 312
290 332
291 313
291 332
292 314
292 336
293 315
293 337
294 316
294 338
295 317
295 339
296 318
296 340
297 319
297 363
298 320
298 364
299 365
299 452
299 517
300 346
300 366
301 323
301 346
301 412
302 325
302 346
303 325
303 345
304 326
304 348
305 327
305 349
306 328
306 350
307 329
307 351
308 351
308 395
310 355
310 375
311 332
311 419
311 550
312 332
313 332
313 334
314 335
314 358
315 336
315 359
315 380
316 337
316 360
317 338
317 361
318 339
318 362
319 340
319 384
321 386
321 452
322 346
322 540
323 344
323 346
324 325
324 346
324 412
325 346
326 347
326 367
327 348
327 371
328 349
328 372
329 350
329 373
330 352
330 396
331 397
331 420
332 398
332 463
332 485
333 485
333 550
334 356
334 419
335 357
335 379
336 358
336 380
337 359
337 381
338 360
338 382
339 361
339 383
340 362
340 384
341 363
341 407
342 364
342 408
343 409
343 496
343 561
344 346
344 410
345 346
345 412
346 368
347 369
348 370
348 392
349 371
349 393
350 372
350 394
351 373
351 395
352 395
352 439
354 376
354 419
355 485
355 550
356 377
356 485
357 378
357 401
358 379
358 402
359 380
359 403
359 424
360 381
360 404
361 382
361 405
362 383
362 406
363 384
363 428
365 430
365 496
366 412
366 584
367 412
367 477
368 390
368 412
369 390
369 476
370 391
370 414
371 392
371 415
372 393
372 416
373 394
373 417
374 396
374 440
375 441
375 507
376 485
376 550
377 443
377 550
378 400
378 419
379 401
379 423
380 402
380 424
381 403
381 425
382 404
382 426
383 405
383 427
384 406
384 428
385 407
385 451
386 408
386 452
387 453
387 540
387 605
388 412
388 454
388 477
389 390
389 412
389 477
390 411
390 412
391 413
391 432
392 414
392 436
393 415
393 437
394 416
394 438
395 417
395 439
396 439
396 483
398 485
398 550
399 485
399 550
400 421
400 485
401 422
401 445
402 423
402 446
403 424
403 447
403 468
404 425
404 448
405 426
405 449
406 427
406 450
407 428
407 472
409 474
409 540
410 412
410 628
411 412
411 477
412 433
413 434
413 542
414 435
414 458
414 479
415 436
415 459
416 437
416 460
417 438
417 461
418 484
418 486
419 485
420 485
420 550
421 487
421 550
422 444
422 488
423 445
423 467
424 446
424 468
425 447
425 469
426 448
426 470
427 449
427 471
428 450
428 472
429 451
429 495
430 452
430 496
431 497
431 584
431 649
432 477
432 543
433 456
433 477
434 456
434 586
435 457
435 479
436 458
436 480
437 459
437 481
438 460
438 482
439 461
439 483
440 483
440 551
442 485
442 550
443 550
443 661
444 465
444 485
445 466
445 489
446 467
446 490
447 468
447 491
447 512
448 469
448 492
449 470
449 493
450 471
450 494
451 472
451 516
453 477
453 518
454 477
454 672
455 456
455 477
455 543
456 477
457 478
457 498
458 479
458 502
459 480
459 503
460 481
460 504
461 482
461 505
462 528
462 573
463 485
463 550
464 530
464 550
465 531
465 550
466 488
466 532
467 489
467 511
468 490
468 512
469 491
469 513
470 492
470 514
471 493
471 515
472 494
472 516
473 495
473 539
474 496
474 540
475 541
475 628
475 693
476 477
476 543
477 499
477 520
478 500
478 651
479 501
479 523
480 502
480 524
481 503
481 525
482 504
482 526
483 505
483 527
484 527
484 660
486 550
486 572
487 550
487 705
488 509
488 553
489 510
489 533
490 511
490 534
491 512
491 535
491 556
492 513
492 536
493 514
493 537
494 515
494 538
495 516
495 560
497 543
497 562
498 543
498 716
499 521
499 543
500 521
500 695
501 522
501 717
502 523
502 546
502 567
503 524
503 547
504 525
504 548
505 526
505 549
506 572
506 594
507 550
507 572
508 574
508 661
508 726
509 550
509 575
510 532
510 576
511 533
511 555
512 534
512 556
513 535
513 557
514 536
514 558
515 537
515 559
516 538
516 560
517 539
517 583
518 543
518 584
519 585
519 672
519 737
520 521
520 543
521 543
521 630
522 544
522 607
523 545
523 567
524 546
524 568
525 547
525 569
526 548
526 570
527 549
527 638
528 571
528 703
529 550
529 572
529 615
530 550
530 595
531 550
531 749
532 553
532 597
533 554
533 577
534 555
534 578
535 556
535 579
535 600
536 557
536 580
537 558
537 581
538 559
538 582
539 560
539 604
541 543
541 606
542 543
542 760
543 564
543 608
544 565
544 739
545 566
545 937
546 567
546 590
546 611
547 568
547 591
548 569
548 592
549 570
549 812
550 616
551 572
551 615
552 618
552 705
552 770
553 575
553 619
554 576
554 620
555 577
555 599
556 578
556 600
557 579
557 601
558 580
558 602
559 581
559 603
560 582
560 604
561 583
561 627
562 587
562 628
563 565
563 587
563 629
564 565
564 587
565 587
565 674
566 588
566 849
567 589
567 611
568 590
568 612
569 591
569 613
570 592
570 614
571 593
571 746
572 615
572 659
573 615
573 637
574 615
574 639
575 640
575 793
576 597
576 641
577 598
577 621
578 599
578 622
579 600
579 623
579 644
580 601
580 624
581 602
581 625
582 603
582 626
583 604
583 648
585 587
585 650
586 587
586 631
587 608
587 652
588 609
588 783
589 610
589 893
590 611
590 634
590 655
591 612
591 635
592 613
592 636
593 614
593 768
594 615
594 637
595 615
595 661
596 662
596 749
596 814
597 619
597 663
598 620
598 664
599 621
599 643
600 622
600 644
601 623
601 645
602 624
602 646
603 625
603 647
604 626
604 648
605 671
605 955
606 631
606 672
607 609
607 631
608 631
609 631
609 718
610 632
610 871
611 633
611 915
612 634
612 656
613 635
613 657
614 636
614 790
615 637
615 681
616 637
616 658
617 637
617 658
618 683
618 749
619 684
619 837
620 641
620 685
621 642
621 665
622 643
622 666
623 644
623 667
623 688
624 645
624 668
625 646
625 669
626 647
626 670
627 648
627 955
629 631
629 694
630 631
630 675
631 652
631 696
632 653
632 827
633 654
633 894
634 655
634 896
635 656
635 854
636 657
636 789
637 658
637 725
638 658
638 680
639 661
639 705
640 706
640 793
640 858
641 663
641 707
642 664
642 708
643 665
643 687
644 666
644 688
645 667
645 689
646 668
646 690
647 669
647 691
648 670
648 692
649 715
649 955
650 675
650 716
651 653
651 675
652 675
653 675
653 762
654 676
654 872
655 677
655 895
656 678
656 874
657 679
657 832
658 680
658 702
659 680
659 701
660 680
660 701
662 727
662 793
663 728
663 881
664 685
664 729
665 686
665 709
666 687
666 710
667 688
667 711
667 732
668 689
668 712
669 690
669 713
670 691
670 714
671 692
671 955
673 675
673 719
673 738
674 675
674 719
675 696
675 740
676 697
676 850
677 698
677 873
678 699
678 853
679 700
679 811
680 701
680 724
681 701
681 723
682 704
682 748
683 705
683 749
684 750
684 837
684 902
685 707
685 751
686 708
686 752
687 709
687 731
688 710
688 732
689 711
689 733
690 712
690 734
691 713
691 735
692 714
692 954
693 759
693 955
694 719
694 760
695 697
695 719
696 719
697 719
697 806
698 720
698 851
699 721
699 852
700 722
700 831
701 723
701 745
702 723
702 744
703 723
703 744
704 747
704 791
706 771
706 837
707 772
707 925
708 729
708 773
709 730
709 753
710 731
710 754
711 732
711 755
711 776
712 733
712 756
713 734
713 953
714 735
714 953
715 736
715 954
716 955
717 719
717 956
718 719
718 741
719 740
719 784
720 741
720 828
721 742
721 830
722 743
722 810
723 744
723 767
724 743
724 744
725 744
725 1567
726 748
726 792
727 749
727 793
728 794
728 881
728 946
729 751
729 795
730 752
730 796
731 753
731 775
732 754
732 776
733 755
733 777
734 756
734 953
735 757
735 953
736 758
736 955
737 955
737 956
738 956
738 1174
739 741
739 956
740 741
741 763
741 807
742 764
742 829
743 765
743 787
744 766
744 788
745 765
745 1568
746 1567
746 1568
747 1567
747 1568
748 791
748 835
750 815
750 881
751 816
751 969
752 773
752 817
753 774
753 797
754 775
754 798
755 776
755 995
755 1017
756 777
756 953
757 778
757 953
758 779
758 954
759 780
759 955
760 956
761 956
761 1000
761 1109
762 764
762 1067
763 764
763 765
764 785
764 808
765 786
765 809
766 1481
766 1547
767 1547
767 1568
768 1547
768 1568
769 1567
769 1568
770 792
770 836
771 793
771 837
772 838
772 903
772 990
773 795
773 839
774 796
774 1365
775 797
775 1038
776 798
776 995
777 953
777 995
778 800
778 953
779 801
779 954
780 802
780 955
781 956
781 978
781 1108
782 956
782 1000
782 1130
783 1000
783 1023
784 1132
784 1176
785 1242
785 1307
786 1373
786 1438
787 1438
787 1460
788 1547
788 1568
789 1547
789 1568
790 1567
790 1568
791 813
791 835
792 835
792 879
794 859
794 925
795 860
795 1013
796 817
796 1365
797 818
797 1365
798 819
798 1017
799 820
799 995
799 1017
800 821
800 953
801 822
801 953
802 954
802 955
803 955
803 956
803 1064
804 956
804 1000
804 1086
805 1023
805 1044
805 1153
806 1023
806 1176
807 1242
807 1307
808 1373
808 1438
809 1438
809 1460
810 1547
810 1568
811 1547
811 1568
812 833
812 1568
813 834
813 857
814 836
814 880
815 837
815 881
816 882
816 969
816 1034
817 883
817 1365
818 840
818 1365
819 841
819 1038
820 842
820 995
821 953
821 975
822 844
822 953
823 954
823 976
823 1063
824 955
824 977
824 1042
825 956
825 978
825 1065
826 1000
826 1023
826 1066
827 1023
827 1067
828 1176
828 1242
829 1307
829 1373
830 1438
830 1460
831 1460
831 1547
832 1547
832 1568
833 855
833 1568
834 856
834 1568
835 857
835 879
836 879
836 923
838 903
838 969
839 1057
839 1365
840 861
840 1365
841 862
841 1038
842 863
842 995
843 864
843 975
843 995
844 953
844 975
845 953
845 954
845 1041
846 954
846 955
846 1020
847 956
847 978
847 1021
848 956
848 1000
848 1043
849 1023
849 1067
850 1023
850 1067
851 1242
851 1307
852 1373
852 1438
853 1438
853 1460
854 1547
854 1568
855 876
855 1568
856 877
856 1568
857 878
857 901
858 880
858 924
859 881
859 925
860 926
860 1013
860 1078
861 927
861 1365
862 884
862 1038
863 885
863 1038
864 995
864 1083
865 953
865 975
865 1062
866 953
866 954
866 1019
867 954
867 955
867 998
868 955
868 978
868 999
869 956
869 1000
869 1022
870 1023
870 1067
870 1110
871 1067
871 1088
872 1242
872 1307
873 1373
873 1438
874 1438
874 1460
875 897
875 1547
875 1568
876 1547
876 1568
877 899
877 1568
878 900
878 922
879 901
879 923
880 923
880 967
882 947
882 1013
883 1101
883 1365
884 905
884 1038
885 906
885 1038
886 995
886 1017
886 1105
887 975
887 996
887 1040
888 953
888 975
888 997
889 954
889 976
889 977
890 955
890 977
890 978
891 956
891 978
891 1000
892 1000
892 1023
892 1044
893 1067
893 1132
894 1023
894 1067
895 1307
895 1373
896 1373
896 1438
897 918
897 1438
898 919
898 1547
898 1568
899 920
899 1568
900 921
900 944
901 922
901 945
902 924
902 968
903 925
903 969
904 970
904 1057
904 1122
905 971
905 1038
906 928
906 1038
907 995
907 1017
907 1061
908 995
908 996
908 1039
909 953
909 975
909 996
910 953
910 954
910 976
911 954
911 955
911 977
912 955
912 956
912 978
913 956
913 1000
913 1023
914 1023
914 1067
914 1131
915 1067
915 1132
916 1242
916 1307
916 1328
917 939
917 1373
917 1438
918 940
918 1438
919 941
919 1547
920 1547
920 1568
921 943
921 965
922 944
922 966
923 945
923 967
924 967
924 1011
925 990
926 991
926 1365
927 1038
927 1145
928 949
928 1147
929 1017
929 1038
929 1082
930 995
930 1017
930 1018
931 953
931 975
931 996
932 953
932 954
932 976
933 954
933 977
933 998
934 955
934 978
934 999
935 956
935 1000
935 1022
936 1023
936 1067
936 1088
937 1067
937 1176
938 1023
938 1067
938 1156
939 960
939 1373
940 961
940 1438
941 962
941 1547
942 963
942 1547
942 1568
943 964
943 987
944 965
944 988
945 966
945 989
946 968
946 1012
947 969
947 1013
948 1014
948 1101
948 1166
949 1015
949 1147
950 1038
950 1126
950 1147
951 995
951 1017
951 1038
952 975
952 996
952 1018
953 975
954 976
955 977
956 978
957 1023
957 1044
957 1067
958 1067
958 1132
958 1175
959 1025
959 1132
959 1176
960 1026
960 1373
961 983
961 1438
962 984
962 1438
963 985
963 1547
964 986
964 1008
965 987
965 1009
966 988
966 1010
967 989
967 1011
968 1011
968 1055
970 1035
970 1365
971 1147
971 1189
972 1038
972 1147
972 1562
973 995
973 1017
973 1038
974 995
974 1018
974 1039
975 996
976 997
977 998
978 999
979 1000
979 1023
979 1044
980 1023
980 1067
980 1132
981 1046
981 1176
981 1218
982 1023
982 1067
982 1200
983 1004
983 1438
984 1005
984 1438
985 1006
985 1547
986 1007
986 1030
986 1051
987 1008
987 1031
988 1009
988 1032
989 1010
989 1033
990 1012
990 1056
991 1057
991 1365
992 1058
992 1145
992 1210
993 1147
993 1212
993 1475
994 1017
994 1038
994 1125
995 1017
996 1018
997 1019
998 1020
999 1021
1000 1022
1001 1023
1001 1067
1001 1088
1002 1067
1002 1087
1002 1176
1003 1069
1003 1156
1003 1176
1004 1070
1004 1373
1005 1027
1005 1438
1006 1028
1006 1050
1007 1029
1007 1051
1008 1030
1008 1052
1009 1031
1009 1053
1010 1032
1010 1054
1011 1033
1011 1055
1012 1055
1012 1099
1014 1079
1014 1147
1015 1147
1015 1233
1016 1038
1016 1104
1016 1147
1017 1038
1018 1039
1019 1040
1020 1041
1021 1042
1022 1043
1023 1044
1024 1067
1024 1154
1024 1176
1025 1090
1025 1176
1026 1067
1026 1244
1027 1048
1027 1438
1028 1049
1028 1072
1029 1050
1029 1073
1030 1051
1030 1074
1030 1095
1031 1052
1031 1075
1032 1053
1032 1076
1033 1054
1033 1077
1034 1056
1034 1100
1035 1101
1035 1147
1036 1102
1036 1189
1036 1254
1037 1147
1037 1169
1037 1212
1038 1060
1039 1061
1040 1062
1041 1063
1042 1064
1043 1065
1044 1066
1045 1067
1045 1088
1045 1132
1046 1176
1046 1242
1047 1113
1047 1200
1047 1265
1048 1114
1048 1438
1049 1071
1049 1115
1050 1072
1050 1094
1051 1073
1051 1095
1052 1074
1052 1096
1053 1075
1053 1097
1054 1076
1054 1098
1055 1077
1055 1099
1056 1099
1056 1143
1058 1123
1058 1147
1059 1147
1059 1148
1059 1212
1060 1104
1060 1125
1061 1082
1062 1083
1063 1084
1064 1085
1065 1086
1066 1087
1067 1088
1068 1132
1068 1176
1068 1219
1069 1134
1069 1176
1070 1288
1070 1373
1071 1092
1071 1136
1072 1093
1072 1116
1073 1094
1073 1117
1074 1095
1074 1118
1074 1139
1075 1096
1075 1119
1076 1097
1076 1120
1077 1098
1077 1121
1078 1100
1078 1144
1079 1145
1079 1147
1080 1147
1080 1192
1080 1212
1081 1125
1081 1147
1081 1212
1082 1104
1083 1105
1084 1106
1084 1128
1085 1107
1085 1129
1086 1108
1087 1109
1088 1110
1089 1132
1089 1176
1089 1198
1090 1156
1090 1176
1091 1157
1091 1244
1091 1309
1092 1158
1092 1438
1093 1115
1093 1159
1094 1116
1094 1138
1095 1117
1095 1139
1096 1118
1096 1140
1097 1119
1097 1141
1098 1120
1098 1142
1099 1121
1099 1143
1100 1143
1100 1187
1102 1147
1102 1167
1103 1147
1103 1191
1103 1212
1104 1125
1105 1126
1106 1127
1106 1150
1107 1128
1107 1151
1108 1129
1109 1130
1110 1131
1111 1132
1111 1176
1111 1198
1112 1176
1112 1197
1112 1242
1113 1178
1113 1242
1114 1332
1114 1438
1115 1136
1115 1180
1116 1137
1116 1160
1117 1138
1117 1161
1118 1139
1118 1162
1118 1183
1119 1140
1119 1163
1120 1141
1120 1164
1121 1142
1121 1165
1122 1147
1122 1188
1123 1147
1123 1189
1124 1147
1124 1212
1124 1235
1125 1191
1126 1148
1127 1149
1127 1171
1128 1150
1128 1172
1129 1151
1129 1173
1130 1152
1131 1153
1132 1154
1133 1176
1133 1198
1133 1242
1134 1200
1134 1242
1135 1201
1135 1288
1135 1353
1136 1158
1136 1202
1137 1159
1137 1203
1138 1160
1138 1182
1139 1161
1139 1183
1140 1162
1140 1184
1141 1163
1141 1185
1142 1164
1142 1186
1143 1165
1143 1187
1144 1187
1144 1231
1146 1147
1146 1279
1146 1365
1147 1234
1147 1365
1148 1169
1149 1170
1149 1193
1150 1171
1150 1194
1151 1172
1151 1195
1152 1173
1152 1196
1153 1174
1154 1175
1155 1176
1155 1198
1155 1242
1157 1222
1157 1242
1158 1223
1158 1376
1159 1180
1159 1224
1160 1181
1160 1204
1161 1182
1161 1205
1162 1183
1162 1206
1162 1227
1163 1184
1163 1207
1164 1185
1164 1208
1165 1186
1165 1209
1166 1212
1166 1232
1167 1233
1167 1365
1168 1212
1168 1278
1168 1365
1169 1235
1170 1192
1170 1236
1171 1193
1171 1215
1172 1194
1172 1216
1173 1195
1173 1217
1174 1196
1175 1197
1176 1198
1177 1241
1177 1242
1177 1307
1178 1242
1178 1244
1179 1245
1179 1332
1179 1397
1180 1202
1180 1246
1181 1203
1181 1247
1182 1204
1182 1226
1183 1205
1183 1227
1184 1206
1184 1228
1185 1207
1185 1229
1186 1208
1186 1230
1187 1209
1187 1231
1188 1212
1188 1231
1190 1212
1190 1322
1190 1365
1191 1409
1192 1213
1193 1214
1193 1237
1194 1215
1194 1238
1195 1216
1195 1239
1195 1260
1196 1217
1196 1240
1197 1218
1198 1219
1199 1242
1199 1263
1199 1307
1201 1242
1201 1266
1202 1267
1202 1420
1203 1224
1203 1268
1204 1225
1204 1248
1205 1226
1205 1249
1206 1227
1206 1250
1206 1271
1207 1228
1207 1251
1208 1229
1208 1252
1209 1230
1209 1253
1210 1276
1210 1365
1211 1212
1211 1213
1211 1365
1212 1278
1212 1365
1212 1430
1213 1279
1214 1236
1214 1280
1215 1237
1215 1259
1216 1238
1216 1260
1217 1239
1217 1261
1218 1240
1219 1241
1220 1242
1220 1263
1220 1307
1221 1242
1221 1262
1221 1307
1222 1288
1222 1307
1223 1289
1223 1376
1223 1441
1224 1246
1224 1290
1225 1247
1225 1291
1226 1248
1226 1270
1227 1249
1227 1271
1228 1250
1228 1272
1229 1251
1229 1273
1230 1252
1230 1274
1231 1253
1231 1275
1232 1275
1232 1365
1233 1257
1234 1278
1234 1365
1235 1453
1236 1257
1236 1301
1237 1258
1237 1281
1238 1259
1238 1282
1239 1260
1239 1283
1240 1261
1240 1284
1241 1262
1242 1263
1243 1263
1243 1285
1243 1307
1245 1310
1245 1376
1246 1311
1246 1464
1247 1268
1247 1312
1248 1269
1248 1292
1249 1270
1249 1293
1250 1271
1250 1294
1250 1315
1251 1272
1251 1295
1252 1273
1252 1296
1253 1274
1253 1297
1254 1320
1254 1365
1255 1365
1255 1430
1255 1474
1256 1322
1256 1409
1256 1474
1257 1323
1258 1280
1258 1324
1259 1281
1259 1303
1260 1282
1260 1304
1261 1283
1261 1305
1262 1284
1263 1264
1263 1285
1264 1307
1264 1373
1265 1307
1265 1331
1266 1307
1266 1332
1267 1333
1267 1420
1267 1485
1268 1290
1268 1334
1269 1291
1269 1335
1270 1292
1270 1314
1271 1293
1271 1315
1272 1294
1272 1316
1273 1295
1273 1317
1274 1296
1274 1318
1275 1297
1275 1365
1276 1319
1276 1365
1277 1365
1277 1366
1277 1430
1278 1343
1279 1497
1280 1301
1280 1345
1281 1302
1281 1325
1282 1303
1282 1326
1283 1304
1283 1327
1284 1305
1284 1328
1285 1306
1286 1307
1286 1329
1286 1373
1287 1306
1287 1307
1287 1373
1289 1354
1289 1420
1290 1355
1290 1508
1291 1312
1291 1356
1292 1313
1292 1336
1293 1314
1293 1337
1294 1315
1294 1338
1294 1359
1295 1316
1295 1339
1296 1317
1296 1340
1297 1318
1297 1341
1298 1365
1298 1430
1298 1431
1299 1343
1299 1365
1299 1430
1300 1366
1300 1453
1300 1518
1301 1323
1301 1367
1302 1324
1302 1368
1303 1325
1303 1347
1304 1326
1304 1348
1305 1327
1305 1349
1306 1328
1307 1329
1307 1330
1308 1329
1308 1373
1308 1438
1309 1373
1309 1375
1310 1332
1310 1376
1311 1377
1311 1464
1311 1529
1312 1334
1312 1378
1313 1335
1313 1379
1314 1336
1314 1358
1315 1337
1315 1359
1316 1338
1316 1360
1317 1339
1317 1361
1318 1340
1318 1362
1319 1341
1319 1365
1320 1363
1320 1365
1321 1365
1321 1430
1321 1496
1322 1387
1323 1388
1323 1541
1324 1345
1324 1389
1325 1346
1325 1369
1326 1347
1326 1370
1327 1348
1327 1371
1328 1349
1329 1350
1330 1373
1330 1394
1331 1373
1331 1438
1333 1398
1333 1464
1334 1399
1334 1552
1335 1356
1335 1400
1336 1357
1336 1380
1337 1358
1337 1381
1338 1359
1338 1382
1338 1403
1339 1360
1339 1383
1340 1361
1340 1384
1341 1362
1341 1365
1342 1365
1342 1387
1342 1430
1343 1386
1343 1409
1344 1410
1344 1497
1344 1562
1345 1367
1345 1411
1346 1368
1346 1412
1347 1369
1347 1391
1348 1370
1348 1392
1349 1371
1349 1393
1350 1372
1350 1439
1351 1373
1351 1394
1351 1438
1352 1372
1352 1373
1352 1438
1353 1373
1353 1419
1354 1376
1354 1420
1355 1421
1355 1508
1355 1573
1356 1378
1356 1422
1357 1379
1357 1423
1358 1380
1358 1402
1359 1381
1359 1403
1360 1382
1360 1404
1361 1383
1361 1405
1362 1365
1362 1384
1363 1365
1363 1385
1364 1365
1364 1430
1364 1518
1366 1431
1367 1432
1368 1389
1368 1433
1369 1390
1369 1413
1370 1391
1370 1414
1371 1392
1371 1415
1372 1393
1373 1394
1373 1395
1374 1394
1374 1416
1374 1438
1375 1396
1375 1438
1377 1442
1377 1508
1378 1443
1379 1400
1379 1444
1380 1401
1380 1424
1381 1402
1381 1425
1382 1403
1382 1426
1382 1447
1383 1404
1383 1427
1384 1405
1384 1428
1385 1406
1385 1430
1386 1430
1386 1496
1387 1453
1388 1454
1388 1541
1389 1411
1389 1455
1390 1412
1390 1456
1391 1413
1391 1435
1392 1414
1392 1436
1393 1415
1393 1418
1394 1416
1394 1461
1395 1438
1395 1460
1396 1438
1396 1460
1397 1438
1397 1463
1398 1420
1398 1464
1399 1465
1399 1552
1400 1422
1400 1466
1401 1423
1401 1467
1402 1424
1402 1446
1403 1425
1403 1447
1404 1426
1404 1448
1405 1427
1405 1449
1406 1428
1406 1539
1407 1410
1407 1429
1407 1430
1408 1430
1408 1539
1408 1583
1410 1475
1411 1476
1412 1433
1412 1477
1413 1434
1413 1457
1414 1435
1414 1458
1415 1436
1415 1459
1416 1437
1417 1438
1417 1460
1417 1481
1418 1438
1418 1460
1419 1438
1419 1440
1421 1486
1421 1552
1422 1487
1423 1444
1423 1488
1424 1445
1424 1468
1425 1446
1425 1469
1426 1447
1426 1470
1426 1491
1427 1448
1427 1471
1428 1449
1428 1539
1429 1450
1429 1539
1430 1452
1430 1496
1431 1497
1432 1498
1433 1455
1433 1499
1434 1456
1434 1500
1435 1457
1435 1479
1436 1458
1436 1480
1437 1459
1437 1526
1438 1460
1438 1482
1439 1460
1439 1481
1440 1460
1440 1462
1441 1463
1441 1507
1442 1464
1442 1508
1443 1509
1444 1466
1444 1510
1445 1467
1445 1511
1446 1468
1446 1490
1447 1469
1447 1491
1448 1470
1448 1492
1449 1471
1449 1493
1450 1472
1450 1539
1451 1496
1451 1539
1451 1540
1452 1496
1452 1539
1454 1519
1454 1541
1455 1520
1456 1477
1456 1521
1457 1478
1457 1501
1458 1479
1458 1502
1459 1480
1459 1505
1460 1481
1460 1504
1461 1481
1461 1547
1462 1481
1462 1483
1463 1484
1463 1528
1465 1530
1465 1552
1466 1531
1467 1488
1467 1532
1468 1489
1468 1512
1469 1490
1469 1513
1470 1491
1470 1514
1470 1535
1471 1492
1471 1515
1472 1493
1472 1539
1473 1496
1473 1539
1474 1540
1475 1541
1476 1542
1477 1499
1477 1543
1478 1500
1478 1544
1479 1501
1479 1523
1480 1502
1481 1503
1481 1569
1482 1503
1482 1547
1483 1503
1483 1547
1484 1506
1484 1528
1485 1507
1485 1551
1486 1508
1486 1552
1487 1553
1488 1510
1488 1554
1489 1511
1489 1555
1490 1512
1490 1534
1491 1513
1491 1535
1492 1514
1492 1536
1493 1515
1493 1539
1494 1516
1494 1539
1495 1496
1495 1539
1495 1583
1496 1539
1498 1519
1498 1563
1499 1564
1500 1521
1500 1565
1501 1522
1501 1545
1502 1523
1502 1546
1503 1524
1503 1548
1504 1547
1504 1568
1505 1547
1505 1568
1506 1527
1506 1547
1507 1528
1507 1572
1509 1530
1509 1574
1510 1575
1511 1532
1511 1576
1512 1533
1512 1556
1513 1534
1513 1557
1514 1535
1514 1558
1514 1579
1515 1536
1515 1539
1516 1537
1516 1539
1517 1539
1517 1583
1519 1541
1521 1543
1522 1544
1522 1566
1523 1545
1523 1567
1524 1546
1525 1546
1525 1547
1525 1568
1526 1547
1526 1568
1527 1547
1527 1549
1528 1550
1528 1572
1529 1551
1530 1552
1532 1554
1533 1555
1533 1577
1534 1556
1534 1578
1535 1557
1535 1579
1536 1558
1536 1580
1537 1539
1537 1559
1538 1539
1538 1583
1539 1561
1540 1583
1542 1563
1543 1564
1544 1565
1544 1566
1545 1566
1545 1567
1546 1567
1547 1568
1548 1567
1548 1568
1549 1568
1549 1570
1550 1571
1550 1572
1551 1572
1551 1573
1553 1574
1554 1575
1555 1576
1555 1577
1556 1577
1556 1578
1557 1578
1557 1579
1558 1559
1558 1579
1558 1580
1559 1580
1559 1583
1560 1562
1560 1583
1561 1562
1561 1583
1563 1564
1565 1566
1566 1567
1569 1570
1569 1571
1570 1571
1571 1572
1572 1573
1573 1574
1574 1575
1576 1577
1577 1578
1578 1579
1579 1580
1580 1581
1580 1582
1581 1582
1581 1583
1582 1583
