0 43
0 111
0 1562
1 22
1 89
1 1563
2 1520
2 1542
2 1563
3 1454
3 1520
3 1542
4 25
4 1520
4 1566
5 26
5 1523
5 1567
6 27
6 1524
6 1568
7 72
7 1373
7 1525
8 73
8 139
8 1526
9 74
9 227
9 1527
10 31
10 75
10 1572
11 32
11 1551
11 1573
12 33
12 1552
12 1574
13 34
13 146
13 167
14 35
14 37
14 1576
15 16
15 37
15 103
16 37
16 1556
16 1578
17 38
17 1468
17 1579
18 83
18 1384
18 1536
19 84
19 150
19 1537
20 85
20 238
20 1538
21 42
21 86
21 1583
22 44
22 67
23 66
23 1542
23 1563
24 1520
24 1541
24 1542
25 47
25 1520
26 48
26 70
27 49
27 1546
28 50
28 1394
28 1547
29 95
29 1482
29 1548
30 96
30 161
30 1549
31 53
31 97
32 54
32 98
33 55
33 77
34 56
34 167
35 146
35 167
36 37
36 81
36 124
37 59
37 1577
38 60
38 1446
39 61
39 1405
39 1558
40 106
40 1493
40 1559
41 107
41 172
41 1560
42 64
42 108
43 65
43 109
44 87
44 176
45 66
45 88
45 1563
46 1519
46 1542
46 1563
47 68
47 1520
48 69
48 1520
49 70
49 1567
50 71
50 1568
51 116
51 1417
51 1569
52 117
52 183
52 1570
53 118
53 271
53 1571
54 75
54 119
55 76
55 99
56 77
56 167
57 78
57 146
57 167
58 124
58 146
58 168
59 103
59 124
60 81
60 1533
61 82
61 1579
62 127
62 1428
62 1580
63 128
63 194
63 1581
64 129
64 282
64 1582
65 86
65 130
66 88
66 110
67 1542
67 1563
68 1520
68 1542
69 91
69 1520
70 92
70 114
71 93
71 115
72 94
72 1438
73 139
73 1526
74 140
74 205
75 97
75 141
76 98
76 142
77 99
77 121
78 100
78 167
79 146
79 147
79 167
80 103
80 124
80 146
81 103
82 104
82 126
83 105
83 1449
84 150
84 1537
85 151
85 216
86 108
86 152
87 109
87 154
88 131
88 132
89 131
89 1563
90 111
90 1542
90 1563
91 112
91 1520
92 113
92 136
93 114
93 137
94 115
94 159
95 160
95 1461
96 161
96 227
97 162
97 315
98 119
98 163
99 120
99 143
100 121
100 167
101 146
101 167
101 234
102 124
102 146
102 167
103 124
104 125
104 1576
105 126
105 170
106 171
106 1472
107 172
107 238
108 173
108 326
109 130
109 263
110 131
110 197
111 1563
112 1520
112 1542
113 135
113 157
114 136
114 158
115 137
115 159
116 138
116 1482
117 183
117 1570
118 184
118 249
119 141
119 185
120 142
120 186
121 143
121 167
122 144
122 146
122 167
123 124
123 146
123 167
124 146
125 147
125 1555
126 148
126 170
127 149
127 1493
128 194
128 1581
129 195
129 260
130 196
130 220
131 153
131 219
132 153
132 197
133 197
133 1562
133 1563
134 155
134 1542
134 1563
135 156
135 179
136 157
136 180
137 158
137 181
138 159
138 203
139 204
139 1505
140 205
140 271
141 206
141 359
142 163
142 207
143 164
143 254
144 165
144 167
145 146
145 167
145 211
146 167
147 168
148 169
148 192
149 170
149 214
150 215
150 1516
151 216
151 282
152 217
152 370
153 174
153 372
154 197
154 218
155 177
155 197
156 178
156 200
157 179
157 201
158 180
158 202
159 181
159 203
160 182
160 1526
161 227
161 1549
162 228
162 293
163 185
163 229
164 186
164 230
165 187
165 254
166 167
166 190
166 254
167 189
168 190
169 191
169 213
170 192
170 214
171 193
171 1537
172 238
172 1560
173 239
173 304
174 240
174 285
175 197
175 218
175 284
176 197
176 218
177 197
177 198
178 199
178 222
178 243
179 200
179 223
180 201
180 224
181 202
181 225
182 203
182 247
183 248
183 1549
184 249
184 315
185 250
185 403
186 207
186 251
187 208
187 254
188 233
188 254
188 277
189 233
189 254
190 211
191 212
191 235
192 213
192 236
193 214
193 258
194 259
194 1560
195 260
195 326
196 261
196 414
197 218
197 262
198 220
198 284
199 221
199 243
200 222
200 244
201 223
201 245
202 224
202 246
203 225
203 247
204 226
204 1570
205 227
205 271
206 272
206 337
207 229
207 273
208 230
208 341
209 231
209 254
209 341
210 211
210 233
210 254
211 233
212 234
212 256
213 235
213 257
214 236
214 258
215 237
215 1581
216 238
216 282
217 283
217 348
218 241
218 284
219 284
219 349
220 284
221 242
221 284
222 243
222 266
222 287
223 244
223 267
224 245
224 268
225 246
225 269
226 247
226 291
227 292
228 293
228 359
229 294
229 447
230 251
230 341
231 252
231 254
232 233
232 254
232 320
233 254
234 255
235 256
235 279
236 257
236 280
237 258
237 302
238 303
239 304
239 370
240 305
240 458
241 284
241 480
242 264
242 349
243 265
243 287
244 266
244 288
245 267
245 289
246 268
246 290
247 269
247 291
248 270
248 314
249 271
249 315
250 316
250 381
251 273
251 317
252 274
252 341
253 254
253 298
253 341
254 276
255 275
255 277
256 278
256 300
257 279
257 301
258 280
258 302
259 281
259 325
260 282
260 326
261 327
261 416
262 284
262 349
263 415
263 480
264 307
264 415
265 286
265 309
266 287
266 310
266 331
267 288
267 311
268 289
268 312
269 290
269 313
270 291
270 335
271 336
272 337
272 403
273 338
273 491
274 295
274 341
275 320
275 341
276 320
276 341
277 298
278 299
278 322
279 300
279 323
280 301
280 324
281 302
281 346
282 347
283 329
283 348
284 349
284 502
285 415
285 480
286 308
286 349
287 309
287 331
288 310
288 332
289 311
289 333
290 312
290 334
291 313
291 335
292 314
292 358
293 315
293 359
294 360
294 425
295 341
295 361
296 318
296 341
296 407
297 298
297 320
297 341
298 320
299 321
299 343
300 322
300 344
301 323
301 345
302 324
302 346
303 325
303 369
304 326
304 370
305 306
305 371
306 415
306 480
307 329
307 480
308 351
308 415
309 330
309 353
310 331
310 354
310 375
311 332
311 355
312 333
312 356
313 334
313 357
314 335
314 379
315 380
316 381
316 447
317 382
317 535
318 339
318 341
319 320
319 341
319 407
320 341
321 342
321 362
322 343
322 366
323 344
323 367
324 345
324 368
325 346
325 390
326 391
327 392
327 437
328 349
328 415
328 480
329 480
330 352
330 374
331 353
331 375
332 354
332 376
333 355
333 377
334 356
334 378
335 357
335 379
336 358
336 402
337 359
337 403
338 404
338 469
339 341
339 405
340 341
340 342
340 407
341 363
342 364
343 365
343 387
344 366
344 388
345 367
345 389
346 368
346 390
347 369
347 413
348 414
348 503
349 393
349 415
350 415
350 480
350 567
351 373
351 480
352 395
352 415
353 374
353 397
354 375
354 398
354 419
355 376
355 399
356 377
356 400
357 378
357 401
358 379
358 423
359 424
360 425
360 491
361 426
361 579
362 407
362 472
363 385
363 407
364 385
364 406
365 386
365 409
366 387
366 410
367 388
367 411
368 389
368 412
369 390
369 434
370 435
371 436
371 524
372 415
372 480
373 394
373 480
374 396
374 418
375 397
375 419
376 398
376 420
377 399
377 421
378 400
378 422
379 401
379 423
380 402
380 446
381 403
381 447
382 407
382 448
383 407
383 449
383 472
384 385
384 407
384 472
385 407
385 515
386 408
386 427
387 409
387 431
388 410
388 432
389 411
389 433
390 412
390 434
391 413
391 457
392 458
392 590
393 415
393 480
394 460
394 480
395 417
395 480
396 439
396 440
397 418
397 441
398 419
398 442
398 463
399 420
399 443
400 421
400 444
401 422
401 445
402 423
402 467
403 468
404 469
404 535
405 470
405 623
406 407
406 472
407 428
408 429
408 471
409 430
409 453
410 431
410 454
411 432
411 455
412 433
412 456
413 434
413 478
414 479
415 480
416 480
416 567
417 438
417 480
418 440
418 462
419 441
419 463
420 442
420 464
421 443
421 465
422 444
422 466
423 445
423 467
424 446
424 490
425 447
425 491
426 472
426 492
427 451
427 472
428 451
428 472
429 451
429 581
430 452
430 474
431 453
431 475
432 454
432 476
433 455
433 477
434 456
434 478
435 457
435 481
436 459
436 502
437 480
437 567
438 480
438 504
439 461
439 480
440 483
440 484
441 462
441 485
442 463
442 486
442 507
443 464
443 487
444 465
444 488
445 466
445 489
446 467
446 511
447 512
448 472
448 513
449 514
449 667
450 451
450 472
450 516
451 472
452 473
452 537
453 474
453 497
453 518
454 475
454 498
455 476
455 499
456 477
456 500
457 478
457 522
458 523
459 480
459 567
460 525
460 678
461 480
461 482
462 484
462 506
463 485
463 507
464 486
464 508
465 487
465 509
466 488
466 510
467 489
467 511
468 490
468 534
469 491
469 535
470 472
470 536
471 472
471 516
472 494
472 559
473 495
473 646
474 496
474 518
475 497
475 519
476 498
476 520
477 499
477 521
478 500
478 522
479 501
479 655
480 546
481 547
481 567
482 548
482 567
483 505
483 549
484 527
484 528
485 506
485 529
486 507
486 530
486 551
487 508
487 531
488 509
488 532
489 510
489 533
490 511
490 555
491 556
492 516
492 557
493 516
493 558
493 711
494 516
494 582
495 516
495 690
496 517
496 540
497 518
497 541
497 562
498 519
498 542
499 520
499 543
500 521
500 544
501 522
501 568
502 567
503 567
503 589
504 569
504 722
505 526
505 570
506 528
506 550
507 529
507 551
508 530
508 552
509 531
509 553
510 532
510 554
511 533
511 555
512 534
512 578
513 535
513 579
514 516
514 580
515 516
515 582
516 538
516 625
517 539
517 602
518 540
518 562
519 541
519 563
520 542
520 564
521 543
521 565
522 544
522 634
523 545
523 611
524 567
524 589
525 567
525 591
526 567
526 592
527 549
527 593
528 571
528 572
529 550
529 573
530 551
530 574
530 595
531 552
531 575
532 553
532 576
533 554
533 577
534 555
534 599
535 600
536 582
536 601
537 582
537 755
538 560
538 582
539 560
539 734
540 561
540 584
541 562
541 585
542 563
542 586
543 564
543 587
544 565
544 588
545 566
545 677
546 567
546 589
547 567
547 612
548 613
548 766
549 570
549 614
550 572
550 594
551 573
551 595
552 574
552 596
553 575
553 597
554 576
554 598
555 577
555 599
556 578
556 622
557 582
557 623
558 582
558 624
559 560
559 582
560 582
560 669
561 583
561 605
562 584
562 606
563 585
563 607
564 586
564 608
565 587
565 609
566 588
566 764
567 589
567 633
568 589
568 610
569 589
569 635
570 592
570 636
571 593
571 637
572 615
572 616
573 594
573 617
574 595
574 618
574 639
575 596
575 619
576 597
576 620
577 598
577 621
578 599
578 643
579 644
580 582
580 645
581 582
581 799
582 603
582 647
583 604
583 778
584 605
584 628
585 606
585 629
585 650
586 607
586 630
587 608
587 631
588 609
588 785
589 610
589 654
590 610
590 676
591 656
591 676
592 657
592 810
593 614
593 658
594 616
594 638
595 617
595 639
596 618
596 640
597 619
597 641
598 620
598 642
599 621
599 643
600 622
600 666
601 626
601 667
602 626
602 668
603 604
603 626
604 626
604 713
605 627
605 822
606 628
606 650
607 629
607 651
608 630
608 652
609 631
609 807
610 632
610 698
611 632
611 676
612 676
612 678
613 679
613 744
614 636
614 680
615 637
615 681
616 659
616 660
617 638
617 661
618 639
618 662
618 683
619 640
619 663
620 641
620 664
621 642
621 665
622 643
622 687
623 688
624 626
624 689
625 626
625 670
626 647
626 691
627 648
627 801
628 649
628 672
629 650
629 673
630 651
630 849
631 652
631 784
632 653
632 741
633 653
633 676
634 676
634 699
635 676
635 700
636 701
636 854
637 658
637 702
638 660
638 682
639 661
639 683
640 662
640 684
641 663
641 685
642 664
642 686
643 665
643 687
644 666
644 710
645 670
645 711
646 670
646 712
647 670
648 670
648 757
649 671
649 889
650 672
650 890
651 673
651 869
652 674
652 827
653 675
653 763
654 675
654 676
655 675
655 676
656 676
656 722
657 723
657 788
658 680
658 724
659 681
659 725
660 703
660 704
661 682
661 705
662 683
662 706
662 727
663 684
663 707
664 685
664 708
665 686
665 709
666 687
666 731
667 732
668 670
668 733
669 670
669 714
670 691
670 735
671 692
671 845
672 693
672 868
673 694
673 848
674 695
674 806
675 696
675 719
676 697
676 720
677 696
677 718
678 743
679 744
679 810
680 745
680 898
681 702
681 746
682 704
682 726
683 705
683 727
684 706
684 728
685 707
685 729
686 708
686 730
687 709
687 731
688 710
688 754
689 714
689 755
690 714
690 756
691 714
692 714
692 823
693 715
693 867
694 716
694 847
695 717
695 826
696 718
696 740
697 718
697 739
698 718
698 739
699 721
699 765
700 722
700 766
701 767
701 832
701 854
702 724
702 768
703 725
703 769
704 747
704 748
705 726
705 749
706 727
706 750
706 771
707 728
707 751
708 729
708 752
709 730
709 948
710 731
710 949
711 776
712 777
712 951
713 714
713 736
714 735
714 779
715 736
715 846
716 737
716 825
717 738
717 805
718 739
718 762
719 738
719 739
720 739
720 741
721 742
721 786
722 787
723 788
723 854
724 789
724 942
725 746
725 790
726 748
726 770
727 749
727 771
728 750
728 772
729 751
729 948
730 752
730 948
731 753
731 950
732 754
732 951
733 951
733 973
734 951
734 974
735 736
736 758
736 802
737 759
737 824
738 760
738 782
739 761
739 783
740 760
740 762
741 763
741 785
742 764
742 786
743 765
743 809
744 766
744 810
745 811
745 876
746 768
746 812
747 769
747 813
748 791
748 792
749 770
749 793
750 771
750 794
750 815
751 772
751 948
752 773
752 948
753 774
753 949
754 775
754 950
755 951
756 821
756 974
757 759
757 974
758 759
758 760
759 780
759 803
760 781
760 804
761 782
761 805
762 783
762 806
763 784
763 807
764 785
764 808
765 786
765 830
766 831
767 832
767 898
768 833
768 986
769 790
769 834
770 792
770 814
771 793
771 815
772 948
772 970
773 795
773 948
774 796
774 949
775 797
775 950
776 798
776 951
777 951
777 974
778 974
778 1018
779 801
779 845
780 802
780 846
781 803
781 825
782 804
782 826
783 805
783 827
784 806
784 828
785 807
785 829
786 808
786 830
787 809
787 853
788 810
788 854
789 855
789 920
790 812
790 856
791 813
791 857
792 835
792 836
793 814
793 837
794 815
794 970
794 991
795 816
795 948
796 817
796 948
797 818
797 949
798 950
798 951
799 951
799 974
800 865
800 974
800 1018
801 974
801 1018
802 823
802 867
803 824
803 847
804 825
804 848
805 826
805 849
806 827
806 850
807 828
807 851
808 829
808 852
809 830
809 874
810 875
811 876
811 942
812 877
812 1030
813 834
813 878
814 836
814 858
815 837
815 1013
816 948
816 970
817 839
817 948
818 949
818 971
819 950
819 972
819 1037
820 951
820 973
820 1038
821 974
821 1018
822 1018
822 1062
823 845
823 889
824 846
824 890
825 847
825 869
826 848
826 870
827 849
827 871
828 850
828 872
829 851
829 873
830 852
830 874
831 853
831 897
832 854
832 898
833 899
833 964
834 856
834 900
835 857
835 901
836 879
836 880
837 858
837 1056
838 859
838 970
838 991
839 948
839 970
840 948
840 949
840 1036
841 949
841 950
841 1015
842 951
842 973
842 1016
843 951
843 974
843 1017
844 909
844 1018
844 1062
845 1018
845 1062
846 867
846 911
847 868
847 891
848 869
848 892
849 870
849 893
850 871
850 894
851 872
851 895
852 873
852 896
853 874
853 918
854 919
855 920
855 986
856 921
856 1074
857 878
857 922
858 880
858 1099
859 881
859 1013
860 948
860 970
860 1058
861 948
861 949
861 1014
862 949
862 950
862 993
863 950
863 973
863 994
864 951
864 974
864 995
865 1018
865 1082
866 932
866 1062
866 1106
867 889
867 933
868 890
868 934
869 891
869 913
870 892
870 914
870 936
871 893
871 915
872 894
872 916
873 895
873 917
874 896
874 918
875 897
875 941
876 898
876 942
877 943
877 1008
878 900
878 944
879 901
879 945
880 923
880 1121
881 902
881 1034
882 970
882 991
882 1035
883 948
883 970
883 992
884 949
884 971
884 972
885 950
885 972
885 973
886 951
886 973
886 995
887 974
887 1018
887 1061
888 953
888 1062
888 1106
889 1062
889 1106
890 911
890 955
891 912
891 935
891 956
892 913
892 936
893 914
893 937
893 958
894 915
894 938
895 916
895 939
896 917
896 940
897 918
897 962
898 963
899 964
899 1030
900 965
900 1118
901 922
901 966
902 924
902 1099
903 991
903 1013
903 1057
904 948
904 970
904 991
905 948
905 949
905 971
906 949
906 950
906 972
907 950
907 951
907 973
908 951
908 974
908 995
909 1062
909 1105
910 976
910 1106
910 1127
911 933
911 977
911 998
912 934
912 978
913 935
913 957
914 936
914 958
915 937
915 959
916 938
916 960
917 939
917 961
918 940
918 962
919 941
919 985
920 942
920 986
921 987
921 1052
922 944
922 988
923 945
923 1142
924 1100
924 1142
925 1013
925 1034
925 1078
926 948
926 970
926 991
927 948
927 949
927 971
928 949
928 972
928 993
929 950
929 973
929 994
930 951
930 974
930 995
931 1018
931 1039
931 1062
932 997
932 1106
933 998
933 1106
933 1151
934 955
934 999
935 956
935 979
936 957
936 980
937 958
937 981
937 1002
938 959
938 982
939 960
939 983
940 961
940 984
941 962
941 1006
942 1007
943 1008
943 1074
944 1009
944 1162
945 966
945 1142
946 1034
946 1056
946 1143
947 970
947 991
947 1013
948 970
949 971
950 972
951 973
952 974
952 1018
952 1039
953 1106
953 1149
954 1020
954 1106
954 1171
955 977
955 1021
956 978
956 1022
957 979
957 1001
958 980
958 1002
959 981
959 1003
960 982
960 1004
961 983
961 1005
962 984
962 1006
963 985
963 1029
964 986
964 1030
965 1031
965 1096
966 1032
966 1142
967 989
967 1121
967 1142
968 1056
968 1099
968 1121
969 991
969 1013
969 1034
970 991
971 992
972 993
973 994
974 995
975 1062
975 1083
975 1106
976 1041
976 1215
977 1042
977 1195
978 999
978 1043
979 1000
979 1023
980 1001
980 1024
981 1002
981 1025
981 1046
982 1003
982 1026
983 1004
983 1027
984 1005
984 1028
985 1006
985 1050
986 1051
987 1052
987 1118
988 1053
988 1206
989 1010
989 1142
990 1013
990 1034
990 1056
991 1013
992 1014
993 1015
994 1016
995 1017
996 1018
996 1062
996 1083
997 1106
997 1193
998 1064
998 1215
999 1021
999 1065
1000 1022
1000 1066
1001 1023
1001 1045
1002 1024
1002 1046
1003 1025
1003 1047
1004 1026
1004 1048
1005 1027
1005 1049
1006 1028
1006 1050
1007 1029
1007 1073
1008 1030
1008 1074
1009 1075
1009 1142
1010 1076
1010 1229
1011 1121
1011 1142
1011 1165
1012 1056
1012 1099
1012 1121
1013 1034
1014 1035
1015 1036
1016 1037
1017 1038
1018 1039
1019 1062
1019 1106
1019 1127
1020 1085
1020 1215
1021 1086
1021 1239
1022 1043
1022 1087
1023 1044
1023 1067
1024 1045
1024 1068
1025 1046
1025 1069
1025 1090
1026 1047
1026 1070
1027 1048
1027 1071
1028 1049
1028 1072
1029 1050
1029 1094
1030 1095
1031 1096
1031 1142
1032 1097
1032 1250
1033 1142
1033 1229
1033 1230
1034 1056
1035 1057
1036 1058
1037 1059
1038 1060
1039 1061
1040 1062
1040 1106
1040 1127
1041 1214
1041 1215
1042 1108
1042 1215
1043 1065
1043 1109
1044 1066
1044 1110
1045 1067
1045 1089
1046 1068
1046 1090
1047 1069
1047 1091
1048 1070
1048 1092
1049 1071
1049 1093
1050 1072
1050 1094
1051 1073
1051 1117
1052 1074
1052 1118
1053 1119
1053 1229
1054 1142
1054 1209
1054 1229
1055 1099
1055 1121
1055 1142
1056 1099
1057 1078
1058 1079
1059 1080
1059 1103
1060 1081
1060 1104
1061 1082
1062 1083
1063 1106
1063 1171
1063 1215
1064 1129
1064 1215
1065 1130
1065 1283
1066 1087
1066 1131
1067 1088
1067 1111
1068 1089
1068 1112
1069 1090
1069 1113
1069 1134
1070 1091
1070 1114
1071 1092
1071 1115
1072 1093
1072 1116
1073 1094
1073 1138
1074 1139
1075 1140
1075 1229
1076 1187
1076 1229
1077 1121
1077 1142
1077 1208
1078 1100
1079 1101
1079 1123
1080 1102
1080 1124
1081 1103
1081 1125
1082 1104
1083 1105
1084 1106
1084 1127
1084 1171
1085 1170
1085 1215
1086 1152
1086 1215
1087 1109
1087 1153
1088 1110
1088 1154
1089 1111
1089 1133
1090 1112
1090 1134
1091 1113
1091 1135
1092 1114
1092 1136
1093 1115
1093 1137
1094 1116
1094 1138
1095 1117
1095 1161
1096 1162
1096 1229
1097 1163
1097 1229
1098 1142
1098 1186
1098 1229
1099 1121
1100 1143
1101 1122
1101 1145
1102 1123
1102 1146
1103 1124
1103 1147
1104 1125
1104 1148
1105 1126
1106 1127
1107 1171
1107 1215
1107 1258
1108 1173
1108 1215
1109 1174
1109 1327
1110 1131
1110 1175
1111 1132
1111 1155
1112 1133
1112 1156
1113 1134
1113 1157
1113 1178
1114 1135
1114 1158
1115 1136
1115 1159
1116 1137
1116 1160
1117 1138
1117 1182
1118 1183
1119 1184
1119 1229
1120 1229
1120 1295
1120 1339
1121 1142
1122 1144
1122 1166
1123 1145
1123 1167
1124 1146
1124 1168
1125 1147
1125 1169
1126 1148
1126 1170
1127 1149
1128 1171
1128 1215
1128 1237
1129 1195
1129 1215
1130 1196
1130 1215
1131 1153
1131 1197
1132 1154
1132 1198
1133 1155
1133 1177
1134 1156
1134 1178
1135 1157
1135 1179
1136 1158
1136 1180
1137 1159
1137 1181
1138 1160
1138 1182
1139 1161
1139 1205
1140 1206
1140 1229
1141 1229
1141 1274
1141 1295
1142 1208
1143 1165
1144 1187
1144 1188
1145 1166
1145 1189
1146 1167
1146 1190
1146 1211
1147 1168
1147 1191
1148 1169
1148 1192
1149 1170
1150 1171
1150 1215
1150 1237
1151 1215
1151 1236
1152 1217
1152 1281
1153 1218
1153 1371
1154 1175
1154 1219
1155 1176
1155 1199
1156 1177
1156 1200
1157 1178
1157 1201
1157 1222
1158 1179
1158 1202
1159 1180
1159 1203
1160 1181
1160 1204
1161 1182
1161 1226
1162 1227
1163 1228
1163 1229
1164 1229
1164 1295
1164 1360
1165 1186
1166 1188
1166 1210
1167 1189
1167 1211
1168 1190
1168 1212
1169 1191
1169 1213
1170 1192
1171 1193
1172 1215
1172 1237
1172 1281
1173 1215
1173 1239
1174 1215
1174 1240
1175 1197
1175 1241
1176 1198
1176 1242
1177 1199
1177 1221
1178 1200
1178 1222
1179 1201
1179 1223
1180 1202
1180 1224
1181 1203
1181 1225
1182 1204
1182 1226
1183 1205
1183 1229
1184 1229
1184 1250
1185 1229
1185 1273
1185 1295
1186 1252
1187 1209
1188 1231
1188 1232
1189 1210
1189 1233
1190 1211
1190 1234
1190 1255
1191 1212
1191 1235
1192 1213
1192 1236
1193 1214
1194 1215
1194 1237
1194 1281
1195 1215
1196 1261
1196 1281
1197 1262
1197 1415
1198 1219
1198 1263
1199 1220
1199 1243
1200 1221
1200 1244
1201 1222
1201 1245
1201 1266
1202 1223
1202 1246
1203 1224
1203 1247
1204 1225
1204 1248
1205 1226
1205 1229
1206 1271
1207 1229
1207 1295
1207 1317
1208 1273
1208 1426
1209 1230
1210 1232
1210 1254
1211 1233
1211 1255
1212 1234
1212 1256
1213 1235
1213 1257
1214 1236
1215 1237
1216 1280
1216 1281
1216 1346
1217 1281
1217 1283
1218 1284
1218 1349
1219 1241
1219 1285
1220 1242
1220 1286
1221 1243
1221 1265
1222 1244
1222 1266
1223 1245
1223 1267
1224 1246
1224 1268
1225 1247
1225 1269
1226 1248
1226 1270
1227 1229
1227 1249
1228 1229
1228 1361
1229 1295
1229 1382
1230 1296
1231 1253
1231 1297
1232 1275
1232 1276
1233 1254
1233 1277
1234 1255
1234 1278
1235 1256
1235 1279
1236 1257
1237 1258
1238 1281
1238 1302
1238 1346
1239 1304
1240 1281
1240 1305
1241 1306
1241 1459
1242 1263
1242 1307
1243 1264
1243 1287
1244 1265
1244 1288
1245 1266
1245 1289
1245 1310
1246 1267
1246 1290
1247 1268
1247 1291
1248 1269
1248 1292
1249 1270
1249 1295
1250 1447
1251 1295
1251 1360
1251 1447
1252 1317
1252 1470
1253 1274
1253 1318
1254 1276
1254 1298
1255 1277
1255 1299
1256 1278
1256 1300
1257 1279
1257 1301
1258 1280
1259 1281
1259 1302
1259 1346
1260 1281
1260 1301
1260 1346
1261 1327
1261 1346
1262 1328
1262 1393
1263 1285
1263 1329
1264 1286
1264 1330
1265 1287
1265 1309
1266 1288
1266 1310
1267 1289
1267 1311
1268 1290
1268 1312
1269 1291
1269 1313
1270 1292
1270 1295
1271 1293
1271 1447
1272 1295
1272 1404
1272 1447
1273 1339
1274 1340
1275 1297
1275 1341
1276 1319
1276 1320
1277 1298
1277 1321
1278 1299
1278 1322
1278 1343
1279 1300
1279 1323
1280 1301
1281 1302
1282 1302
1282 1324
1282 1346
1283 1348
1284 1349
1284 1415
1285 1350
1285 1503
1286 1307
1286 1351
1287 1308
1287 1331
1288 1309
1288 1332
1289 1310
1289 1333
1289 1354
1290 1311
1290 1334
1291 1312
1291 1335
1292 1313
1292 1336
1293 1314
1293 1447
1294 1295
1294 1383
1294 1447
1295 1316
1295 1360
1296 1361
1296 1514
1297 1318
1297 1362
1298 1320
1298 1342
1299 1321
1299 1343
1300 1322
1300 1344
1301 1323
1302 1303
1302 1324
1303 1346
1303 1368
1304 1346
1304 1368
1305 1346
1305 1371
1306 1372
1306 1437
1307 1329
1307 1373
1308 1330
1308 1374
1309 1331
1309 1353
1310 1332
1310 1354
1311 1333
1311 1355
1312 1334
1312 1356
1313 1335
1313 1357
1314 1336
1314 1447
1315 1337
1315 1427
1315 1447
1316 1360
1316 1447
1317 1383
1318 1340
1318 1384
1319 1341
1319 1385
1320 1363
1320 1364
1321 1342
1321 1365
1322 1343
1322 1366
1323 1344
1323 1367
1324 1345
1325 1346
1325 1368
1325 1389
1326 1346
1326 1367
1326 1368
1327 1392
1328 1393
1328 1459
1329 1394
1329 1547
1330 1351
1330 1395
1331 1352
1331 1375
1332 1353
1332 1376
1333 1354
1333 1377
1333 1398
1334 1355
1334 1378
1335 1356
1335 1379
1336 1357
1336 1447
1337 1358
1337 1447
1338 1360
1338 1447
1338 1491
1339 1404
1340 1405
1340 1558
1341 1362
1341 1406
1342 1364
1342 1386
1343 1365
1343 1387
1344 1366
1344 1388
1345 1347
1345 1367
1346 1368
1346 1390
1347 1368
1347 1433
1348 1368
1348 1370
1349 1371
1349 1415
1350 1416
1350 1481
1351 1373
1351 1417
1352 1374
1352 1418
1353 1375
1353 1397
1354 1376
1354 1398
1355 1377
1355 1399
1356 1378
1356 1400
1357 1379
1357 1401
1358 1380
1358 1447
1359 1360
1359 1447
1359 1535
1360 1426
1361 1427
1362 1384
1362 1428
1363 1385
1363 1429
1364 1407
1364 1408
1365 1386
1365 1409
1366 1387
1366 1410
1367 1388
1368 1369
1368 1389
1369 1389
1369 1433
1370 1391
1370 1433
1371 1436
1372 1437
1372 1503
1373 1438
1374 1395
1374 1439
1375 1396
1375 1419
1376 1397
1376 1420
1377 1398
1377 1421
1377 1442
1378 1399
1378 1422
1379 1400
1379 1423
1380 1401
1380 1447
1381 1402
1381 1447
1381 1448
1382 1426
1382 1447
1383 1448
1384 1449
1385 1406
1385 1450
1386 1408
1386 1430
1387 1409
1387 1431
1388 1410
1388 1432
1389 1411
1389 1434
1390 1433
1390 1455
1391 1433
1391 1455
1392 1414
1392 1433
1393 1415
1393 1459
1394 1460
1394 1525
1395 1417
1395 1461
1396 1418
1396 1462
1397 1419
1397 1441
1398 1420
1398 1442
1399 1421
1399 1443
1400 1422
1400 1444
1401 1423
1401 1447
1402 1424
1402 1447
1403 1426
1403 1447
1403 1513
1404 1470
1405 1471
1405 1536
1406 1428
1406 1472
1407 1429
1407 1473
1408 1451
1408 1452
1409 1430
1409 1453
1410 1431
1410 1454
1411 1432
1411 1500
1412 1433
1412 1455
1412 1476
1413 1432
1413 1433
1413 1455
1414 1433
1414 1435
1415 1480
1416 1481
1416 1547
1417 1482
1418 1439
1418 1483
1419 1440
1419 1463
1420 1441
1420 1464
1421 1442
1421 1465
1421 1486
1422 1443
1422 1466
1423 1444
1423 1447
1424 1445
1424 1447
1425 1447
1425 1513
1425 1557
1426 1491
1427 1492
1428 1493
1429 1450
1429 1494
1430 1452
1430 1474
1431 1453
1431 1475
1432 1454
1433 1455
1433 1477
1434 1455
1434 1520
1435 1455
1435 1457
1436 1458
1436 1502
1437 1459
1437 1503
1438 1504
1438 1569
1439 1461
1439 1505
1440 1462
1440 1506
1441 1463
1441 1485
1442 1464
1442 1486
1443 1465
1443 1487
1444 1466
1444 1488
1445 1447
1445 1467
1446 1447
1446 1513
1447 1469
1448 1514
1449 1515
1449 1580
1450 1472
1450 1516
1451 1473
1451 1517
1452 1495
1452 1496
1453 1474
1453 1497
1454 1475
1455 1456
1455 1476
1456 1476
1456 1520
1457 1478
1457 1520
1458 1479
1458 1523
1459 1524
1460 1525
1460 1547
1461 1526
1462 1483
1462 1527
1463 1484
1463 1507
1464 1485
1464 1508
1465 1486
1465 1509
1465 1530
1466 1487
1466 1510
1467 1488
1467 1513
1468 1489
1468 1513
1469 1491
1469 1513
1470 1535
1471 1536
1471 1558
1472 1537
1473 1494
1473 1538
1474 1496
1474 1518
1475 1497
1475 1519
1476 1498
1476 1543
1477 1520
1477 1542
1478 1520
1478 1542
1479 1501
1479 1520
1480 1502
1480 1546
1481 1503
1481 1547
1482 1548
1482 1569
1483 1505
1483 1549
1484 1506
1484 1550
1485 1507
1485 1529
1486 1508
1486 1530
1487 1509
1487 1531
1488 1510
1488 1513
1489 1511
1489 1513
1490 1491
1490 1513
1490 1578
1491 1513
1492 1514
1492 1558
1493 1559
1493 1580
1494 1516
1494 1560
1495 1517
1495 1561
1496 1539
1496 1540
1497 1518
1497 1541
1498 1519
1498 1521
1499 1520
1499 1542
1499 1563
1500 1520
1500 1542
1501 1520
1501 1522
1502 1523
1502 1567
1503 1568
1504 1525
1504 1569
1505 1570
1506 1527
1506 1571
1507 1528
1507 1551
1508 1529
1508 1552
1509 1530
1509 1553
1509 1574
1510 1531
1510 1554
1511 1513
1511 1532
1512 1513
1512 1557
1512 1578
1513 1534
1514 1579
1515 1536
1515 1580
1516 1581
1517 1538
1517 1582
1518 1540
1518 1562
1519 1541
1520 1542
1520 1564
1521 1542
1521 1563
1522 1542
1522 1544
1523 1545
1523 1567
1524 1546
1524 1568
1525 1547
1526 1548
1526 1570
1527 1549
1528 1550
1528 1572
1529 1551
1529 1573
1530 1552
1530 1574
1531 1553
1531 1575
1532 1554
1532 1578
1533 1557
1533 1578
1534 1557
1534 1578
1535 1557
1536 1558
1537 1559
1538 1560
1539 1561
1539 1583
1540 1562
1540 1583
1541 1562
1542 1563
1543 1562
1543 1563
1544 1563
1544 1565
1545 1566
1545 1567
1546 1567
1546 1568
1548 1569
1550 1571
1550 1572
1551 1572
1551 1573
1552 1573
1552 1574
1553 1554
1553 1574
1553 1575
1554 1575
1554 1578
1555 1557
1555 1578
1556 1557
1556 1578
1557 1578
1559 1580
1561 1582
1561 1583
1564 1565
1564 1566
1565 1566
1565 1567
1566 1567
1567 1568
1568 1569
1569 1570
1570 1571
1571 1572
1572 1573
1573 1574
1574 1575
1575 1576
1575 1577
1576 1578
1577 1578
1577 1579
1579 1580
1580 1581
1581 1582
1582 1583
