0 43
0 1540
0 1562
1 22
1 1519
1 1563
2 67
2 1368
2 1520
3 68
3 1456
3 1521
4 69
4 222
4 1522
5 26
5 70
5 1567
6 27
6 71
6 1568
7 28
7 51
7 1569
8 29
8 52
8 1570
9 119
9 141
9 1571
10 11
10 55
10 98
11 32
11 1551
11 1573
12 33
12 1441
12 1574
13 78
13 1379
13 1531
14 79
14 1467
14 1532
15 80
15 233
15 1533
16 37
16 81
16 1578
17 38
17 82
17 1579
18 39
18 63
18 1580
19 1537
19 1559
19 1580
20 1536
20 1537
20 1559
21 42
21 1537
21 1583
22 44
22 1541
23 45
23 89
23 1542
24 90
24 1477
24 1543
25 91
25 156
25 1544
26 92
26 244
27 49
27 93
28 50
28 72
29 51
29 1569
30 52
30 119
30 141
31 98
31 119
31 163
32 76
32 98
33 55
33 1507
34 56
34 100
34 1553
35 101
35 1488
35 1554
36 102
36 167
36 1555
37 103
37 255
38 60
38 104
39 61
39 150
40 62
40 1559
40 1580
41 1515
41 1537
41 1559
42 64
42 1537
43 65
43 87
44 87
44 88
45 66
45 1563
46 111
46 1412
46 1564
47 112
47 1500
47 1565
48 113
48 266
48 1566
49 70
49 114
50 71
50 115
51 72
51 95
52 73
52 141
53 119
53 141
53 142
54 76
54 98
54 119
55 76
56 77
56 1574
57 122
57 1423
57 1575
58 123
58 1511
58 1576
59 124
59 277
59 1577
60 81
60 125
61 82
61 237
62 83
62 106
63 1559
63 1580
64 1537
64 1559
65 86
65 109
66 88
66 110
67 89
67 133
68 134
68 1521
69 135
69 200
70 136
70 288
71 93
71 137
72 94
72 116
73 95
73 141
74 96
74 119
74 141
75 98
75 119
75 141
76 98
76 1572
77 99
77 121
78 100
78 144
79 145
79 1532
80 146
80 211
81 147
81 299
82 104
82 148
83 105
83 127
84 105
84 1559
84 1580
85 107
85 1537
85 1559
86 108
86 130
87 109
87 131
88 131
88 132
89 110
89 154
90 155
90 1456
91 156
91 1544
92 157
92 310
93 114
93 158
94 115
94 159
95 116
95 139
96 117
96 141
97 98
97 119
97 141
98 119
99 120
99 143
100 121
100 165
101 166
101 1467
102 167
102 1555
103 168
103 321
104 125
104 169
105 126
105 193
106 170
106 1580
107 128
107 1559
108 129
108 152
109 130
109 153
110 132
110 154
111 133
111 177
112 178
112 1565
113 179
113 244
114 180
114 332
115 137
115 181
116 138
116 160
117 139
117 141
118 119
118 141
118 206
119 141
120 142
120 164
121 143
121 165
122 144
122 188
123 189
123 1576
124 190
124 255
125 191
125 343
126 148
126 171
127 170
127 192
128 150
128 170
129 151
129 173
129 1537
130 152
130 174
131 153
131 175
132 175
132 176
133 154
133 198
134 199
134 1500
135 200
135 266
136 201
136 354
137 158
137 202
138 159
138 203
139 160
139 249
140 141
140 185
140 228
141 162
142 163
143 164
143 187
144 165
144 209
145 210
145 1511
146 211
146 277
147 212
147 365
148 169
148 258
149 170
149 192
149 257
150 170
151 170
151 172
152 173
152 196
153 174
153 197
154 176
154 198
155 177
155 221
156 222
156 1544
157 223
157 288
158 224
158 376
159 181
159 225
160 182
160 249
161 228
161 249
161 250
162 185
162 206
163 185
164 186
164 208
165 187
165 209
166 188
166 232
167 233
167 1555
168 234
168 299
169 235
169 324
170 192
170 214
171 192
171 257
172 192
172 194
173 195
173 196
173 217
174 196
174 218
175 197
175 219
176 219
176 220
177 198
177 242
178 243
178 1544
179 244
179 310
180 245
180 398
181 202
181 246
182 203
182 249
183 204
183 228
183 249
184 206
184 228
184 249
185 206
186 207
186 230
187 208
187 231
188 209
188 253
189 254
189 1555
190 255
190 321
191 256
191 409
192 213
192 280
193 213
193 257
194 215
194 257
195 216
195 239
196 217
196 240
197 218
197 241
198 220
198 242
199 221
199 265
200 266
200 1566
201 267
201 332
202 268
202 420
203 225
203 269
204 226
204 249
205 206
205 228
205 249
206 228
207 229
207 251
208 230
208 252
209 231
209 253
210 232
210 276
211 277
211 1577
212 278
212 343
213 279
213 345
214 257
214 279
215 237
215 257
216 238
216 260
217 239
217 240
217 261
218 240
218 262
219 241
219 263
220 263
220 264
221 242
221 286
222 287
223 288
223 354
224 289
224 442
225 246
225 290
226 247
226 249
227 228
227 249
227 293
228 249
229 250
229 273
230 251
230 274
231 252
231 275
232 253
232 297
233 298
234 299
234 365
235 300
235 453
236 257
236 279
236 475
237 257
238 257
238 259
239 260
239 283
240 261
240 284
241 262
241 285
242 264
242 286
243 265
243 309
244 266
244 310
245 311
245 376
246 312
246 464
247 269
247 336
248 249
248 272
248 336
249 271
250 272
251 273
251 295
252 274
252 296
253 275
253 297
254 276
254 320
255 277
255 321
256 322
256 387
257 301
257 323
258 410
258 475
259 281
259 344
260 282
260 304
261 283
261 284
261 305
262 284
262 306
263 285
263 307
264 307
264 308
265 286
265 330
266 331
267 332
267 398
268 333
268 486
269 290
269 336
270 291
270 315
270 336
271 315
271 336
272 293
273 294
273 317
274 295
274 318
275 296
275 319
276 297
276 341
277 342
278 343
278 409
279 344
279 497
280 410
280 475
281 302
281 410
282 303
282 326
283 304
283 327
284 305
284 328
285 306
285 329
286 308
286 330
287 309
287 353
288 310
288 354
289 355
289 420
290 356
290 508
291 313
291 336
292 293
292 315
292 336
293 315
294 316
294 338
295 317
295 339
296 318
296 340
297 319
297 341
298 320
298 364
299 321
299 365
300 366
300 498
301 475
301 541
302 324
302 475
303 325
303 347
304 326
304 348
305 327
305 328
305 349
306 328
306 350
307 329
307 351
308 351
308 352
309 330
309 374
310 375
311 376
311 442
312 377
312 530
313 334
313 336
314 315
314 336
314 402
315 336
316 337
316 360
317 338
317 361
318 339
318 362
319 340
319 363
320 341
320 385
321 386
322 387
322 411
323 475
323 541
324 541
325 346
325 410
326 347
326 370
327 348
327 371
328 349
328 372
329 350
329 373
330 352
330 374
331 353
331 397
332 354
332 398
333 399
333 464
334 336
334 400
335 336
335 337
335 402
336 358
337 359
338 360
338 382
339 361
339 383
340 362
340 384
341 363
341 385
342 364
342 408
343 365
343 409
344 367
344 410
345 475
345 541
346 368
346 475
347 369
347 391
348 370
348 392
349 371
349 372
349 393
350 372
350 394
351 373
351 395
352 395
352 396
353 374
353 418
354 419
355 420
355 486
356 421
356 574
357 378
357 402
357 467
358 380
358 402
359 380
359 401
360 381
360 404
361 382
361 405
362 383
362 406
363 384
363 407
364 385
364 429
365 430
366 431
366 432
367 475
367 541
368 389
368 541
369 390
369 434
370 391
370 414
371 392
371 415
372 393
372 416
373 394
373 417
374 396
374 418
375 397
375 441
376 398
376 442
377 443
377 508
378 402
378 444
379 380
379 402
379 467
380 402
381 403
381 425
382 404
382 426
383 405
383 427
384 406
384 428
385 407
385 429
386 408
386 452
387 453
387 563
388 410
388 475
388 541
389 455
389 541
390 412
390 456
391 413
391 435
392 414
392 436
393 415
393 416
393 437
394 416
394 438
395 417
395 439
396 439
396 440
397 418
397 462
398 463
399 464
399 530
400 465
400 618
401 402
401 467
402 423
402 445
403 424
403 466
404 425
404 448
405 426
405 449
406 427
406 450
407 428
407 451
408 429
408 473
409 474
410 475
410 519
411 476
411 541
412 433
412 541
413 434
413 478
414 435
414 458
415 436
415 459
416 437
416 460
417 438
417 461
418 440
418 462
419 441
419 485
420 442
420 486
421 487
421 552
422 446
422 467
422 488
423 446
423 467
424 446
424 576
425 447
425 469
426 448
426 470
427 449
427 471
428 450
428 472
429 451
429 473
430 452
430 496
431 497
431 585
432 475
432 541
433 499
433 541
434 456
434 500
435 457
435 479
436 458
436 480
437 459
437 460
437 481
438 460
438 482
439 461
439 483
440 483
440 484
441 462
441 506
442 507
443 508
443 574
444 509
444 662
445 446
445 467
446 467
446 510
447 468
447 491
448 469
448 492
449 470
449 493
450 471
450 494
451 472
451 495
452 473
452 517
453 518
454 475
454 541
454 562
455 520
455 673
456 477
456 521
457 478
457 522
458 479
458 502
459 480
459 503
460 481
460 504
461 482
461 505
462 484
462 506
463 485
463 529
464 486
464 530
465 531
465 596
466 467
466 511
467 489
467 554
468 490
468 641
469 491
469 513
470 492
470 493
470 514
471 493
471 515
472 494
472 516
473 495
473 517
474 496
474 629
475 541
476 541
476 542
477 541
477 543
478 500
478 544
479 501
479 523
480 502
480 524
481 503
481 504
481 525
482 504
482 526
483 505
483 527
484 527
484 528
485 506
485 550
486 551
487 552
487 618
488 553
488 706
489 511
489 577
490 511
490 685
491 512
491 535
492 513
492 536
493 514
493 537
494 515
494 538
495 516
495 539
496 517
496 561
497 562
498 541
498 562
499 564
499 717
500 521
500 565
501 522
501 566
502 523
502 546
503 524
503 547
504 525
504 548
505 526
505 549
506 528
506 550
507 529
507 573
508 530
508 574
509 575
509 640
510 511
510 577
511 533
511 620
512 534
512 556
513 535
513 557
514 536
514 537
514 558
515 537
515 559
516 538
516 560
517 539
517 561
518 540
518 650
519 541
519 562
520 541
520 586
521 587
521 739
522 544
522 588
523 545
523 567
524 546
524 568
525 547
525 548
525 569
526 548
526 570
527 549
527 571
528 571
528 572
529 550
529 594
530 595
531 596
531 662
532 577
532 597
532 750
533 555
533 577
534 555
534 729
535 556
535 579
536 557
536 580
537 558
537 581
538 559
538 582
539 560
539 583
540 561
540 737
542 562
542 607
543 608
543 761
544 565
544 609
545 566
545 610
546 567
546 590
547 568
547 591
548 569
548 592
549 570
549 593
550 572
550 594
551 573
551 617
552 574
552 618
553 577
553 619
554 555
554 577
555 577
555 664
556 578
556 600
557 579
557 601
558 580
558 581
558 602
559 581
559 603
560 582
560 604
561 583
561 780
562 584
562 628
563 584
563 649
564 630
564 695
565 631
565 783
566 588
566 632
567 589
567 611
568 590
568 612
569 591
569 592
569 613
570 592
570 614
571 593
571 615
572 615
572 616
573 594
573 638
574 639
575 577
575 640
576 577
576 794
577 598
577 642
578 599
578 773
579 600
579 623
580 601
580 624
581 602
581 625
582 603
582 626
583 604
583 627
584 605
584 606
585 605
585 649
586 649
586 651
587 652
587 805
588 609
588 653
589 610
589 654
590 611
590 634
591 612
591 635
592 613
592 636
593 614
593 637
594 616
594 638
595 617
595 661
596 618
596 662
597 621
597 663
598 599
598 621
599 621
599 708
600 622
600 817
601 623
601 645
602 624
602 646
603 625
603 647
604 626
604 648
605 627
605 672
606 649
606 671
607 649
607 673
608 674
608 739
609 675
609 827
610 632
610 676
611 633
611 655
612 634
612 656
613 635
613 636
613 657
614 636
614 658
615 637
615 659
616 659
616 660
617 638
617 682
618 683
619 621
619 684
620 621
620 665
621 642
621 686
622 643
622 796
623 644
623 667
624 645
624 668
625 646
625 669
626 647
626 670
627 648
627 759
628 649
628 671
629 649
629 694
630 695
630 761
631 696
631 849
632 653
632 697
633 654
633 698
634 655
634 678
635 656
635 679
636 657
636 680
637 658
637 681
638 660
638 682
639 661
639 705
640 662
640 706
641 665
641 707
642 665
643 665
643 752
644 666
644 884
645 667
645 885
646 668
646 690
647 669
647 822
648 670
648 758
649 671
649 693
650 671
650 692
651 673
651 717
652 718
652 783
653 719
653 871
654 676
654 720
655 677
655 699
656 678
656 700
657 679
657 680
657 701
658 680
658 702
659 681
659 703
660 703
660 704
661 682
661 726
662 727
663 665
663 728
664 665
664 709
665 686
665 730
666 687
666 840
667 688
667 863
668 689
668 843
669 690
669 801
670 691
670 779
671 692
671 715
672 692
672 693
673 738
674 739
674 805
675 740
675 893
676 697
676 741
677 698
677 742
678 699
678 722
679 700
679 723
680 701
680 724
681 702
681 725
682 704
682 726
683 705
683 749
684 706
684 750
685 709
685 751
686 709
687 709
687 818
688 710
688 862
689 711
689 842
690 712
690 821
691 713
691 735
692 714
692 736
693 715
693 737
694 716
694 760
695 717
695 761
696 762
696 827
697 763
697 915
698 720
698 764
699 721
699 743
700 722
700 744
701 723
701 724
701 745
702 724
702 746
703 725
703 747
704 747
704 748
705 726
705 966
706 771
707 772
707 946
708 709
708 731
709 730
709 774
710 731
710 841
711 732
711 820
712 733
712 800
713 734
713 757
714 734
714 735
715 734
715 736
716 737
716 781
717 782
718 783
718 849
719 784
719 937
720 741
720 785
721 742
721 786
722 743
722 766
723 744
723 767
724 745
724 768
725 746
725 769
726 748
726 967
727 749
727 946
728 794
728 946
729 795
729 969
730 731
731 753
731 797
732 754
732 798
733 755
733 777
734 756
734 778
735 755
735 757
736 758
736 780
737 759
737 781
738 760
738 804
739 761
739 805
740 806
740 871
741 807
741 959
742 764
742 808
743 765
743 787
744 766
744 788
745 767
745 768
745 789
746 768
746 790
747 769
747 791
748 791
748 966
749 770
749 967
750 946
751 816
751 969
752 969
752 970
753 754
753 755
754 775
754 819
755 776
755 799
756 777
756 800
757 778
757 801
758 779
758 802
759 780
759 803
760 781
760 825
761 826
762 827
762 893
763 828
763 981
764 785
764 829
765 786
765 830
766 787
766 810
767 788
767 811
768 789
768 812
769 790
769 966
770 792
770 967
771 793
771 946
772 946
772 969
773 839
773 1013
774 840
774 992
775 797
775 841
776 798
776 820
777 799
777 821
778 800
778 822
779 801
779 823
780 802
780 824
781 803
781 825
782 804
782 848
783 805
783 849
784 850
784 915
785 851
785 1003
786 808
786 852
787 809
787 831
788 810
788 832
789 811
789 833
789 987
790 812
790 987
791 813
791 966
792 835
792 966
793 814
793 967
794 946
795 969
795 1013
796 969
796 1013
797 818
797 862
798 819
798 863
799 820
799 843
800 821
800 844
801 822
801 845
802 823
802 846
803 824
803 847
804 825
804 869
805 870
806 871
806 937
807 872
807 1025
808 829
808 873
809 830
809 874
810 831
810 854
811 832
811 855
812 987
812 1008
813 834
813 966
814 967
814 989
815 946
815 968
815 1055
816 969
816 1013
817 883
817 1057
818 884
818 1036
819 841
819 885
820 842
820 864
821 843
821 865
822 844
822 866
823 845
823 867
824 846
824 868
825 847
825 869
826 848
826 892
827 849
827 893
828 894
828 959
829 895
829 1047
830 852
830 896
831 853
831 875
832 854
832 1030
833 855
833 987
833 1008
834 856
834 987
835 966
835 988
836 966
836 967
836 1054
837 946
837 968
837 1033
838 946
838 969
838 1012
839 1013
839 1057
840 1013
840 1057
841 862
841 906
842 863
842 907
843 864
843 887
844 865
844 888
844 909
845 866
845 889
846 867
846 890
847 868
847 891
848 869
848 913
849 914
850 915
850 981
851 916
851 1069
852 873
852 917
853 874
853 918
854 875
854 1073
855 876
855 987
856 987
856 1008
857 966
857 988
857 1009
858 967
858 968
858 1011
859 946
859 969
859 990
860 969
860 1013
860 1099
861 927
861 1057
861 1101
862 928
862 1080
863 885
863 929
864 886
864 908
864 930
865 887
865 909
866 888
866 889
866 910
867 889
867 911
868 890
868 912
869 891
869 913
870 892
870 936
871 893
871 937
872 938
872 1003
873 939
873 1091
874 896
874 940
875 897
875 1094
876 898
876 1030
877 899
877 987
877 1008
878 966
878 988
878 1053
879 966
879 967
879 1032
880 967
880 968
880 989
881 946
881 968
881 990
882 969
882 1013
882 1056
883 1057
883 1101
884 949
884 1101
885 906
885 950
886 907
886 951
887 908
887 931
888 909
888 932
889 910
889 933
890 911
890 934
891 912
891 935
892 913
892 957
893 914
893 958
894 959
894 1025
895 960
895 1113
896 917
896 961
897 918
897 1116
898 919
898 1051
899 920
899 987
900 987
900 988
900 1052
901 966
901 988
901 1010
902 946
902 967
902 968
903 946
903 969
903 990
904 1013
904 1057
904 1100
905 971
905 1057
905 1101
906 928
906 972
906 1124
907 929
907 973
908 930
908 952
909 931
909 953
910 932
910 933
910 954
911 933
911 955
912 934
912 956
913 935
913 957
914 936
914 980
915 937
915 981
916 982
916 1047
917 983
917 1135
918 940
918 1137
919 941
919 1116
920 1008
920 1074
921 987
921 1008
921 1031
922 966
922 988
922 1009
923 966
923 967
923 989
924 967
924 968
924 1011
925 946
925 969
925 990
926 1013
926 1034
926 1057
927 992
927 1101
928 993
928 1101
928 1146
929 950
929 994
930 951
930 995
931 952
931 975
932 953
932 976
933 954
933 977
934 955
934 978
935 956
935 979
936 957
936 1001
937 1002
938 1003
938 1069
939 1004
939 1157
940 961
940 1137
941 1117
941 1137
942 1030
942 1051
942 1095
943 987
943 1008
943 1030
944 966
944 988
944 1009
945 966
945 989
945 1010
946 968
947 969
947 1013
947 1034
948 1057
948 1101
948 1144
949 1015
949 1101
950 1016
950 1168
951 973
951 1017
952 974
952 996
953 975
953 997
954 976
954 977
954 998
955 977
955 999
956 978
956 1000
957 979
957 1001
958 980
958 1024
959 981
959 1025
960 1026
960 1091
961 1027
961 1137
962 984
962 1116
962 1137
963 1073
963 1094
963 1138
964 987
964 1008
964 1030
965 987
965 988
965 1009
966 988
967 989
968 1011
969 990
970 1057
970 1078
970 1101
971 1036
971 1101
972 1037
972 1190
973 994
973 1038
974 995
974 1039
975 996
975 1019
976 997
976 1020
977 998
977 1021
978 999
978 1022
979 1000
979 1023
980 1001
980 1045
981 1046
982 1047
982 1113
983 1048
983 1201
984 1005
984 1137
985 1073
985 1094
985 1116
986 1008
986 1030
986 1051
987 1008
988 1009
989 1010
990 1012
991 1013
991 1057
991 1078
992 1101
992 1188
993 1059
993 1210
994 1060
994 1212
995 1017
995 1061
996 1018
996 1040
997 1019
997 1041
998 1020
998 1021
998 1042
999 1021
999 1043
1000 1022
1000 1044
1001 1023
1001 1045
1002 1024
1002 1068
1003 1025
1003 1069
1004 1070
1004 1135
1005 1071
1005 1137
1006 1116
1006 1137
1006 1160
1007 1030
1007 1051
1007 1073
1008 1030
1009 1031
1010 1032
1011 1033
1012 1055
1013 1034
1014 1057
1014 1101
1014 1122
1015 1080
1015 1210
1016 1081
1016 1234
1017 1038
1017 1082
1018 1039
1018 1083
1019 1040
1019 1063
1020 1041
1020 1064
1021 1042
1021 1065
1022 1043
1022 1066
1023 1044
1023 1067
1024 1045
1024 1089
1025 1090
1026 1091
1026 1157
1027 1092
1027 1245
1028 1116
1028 1137
1028 1225
1029 1073
1029 1094
1029 1116
1030 1051
1031 1052
1032 1053
1033 1054
1034 1056
1035 1057
1035 1101
1035 1122
1036 1210
1036 1231
1037 1103
1037 1210
1038 1104
1038 1256
1039 1061
1039 1105
1040 1062
1040 1084
1041 1063
1041 1085
1042 1064
1042 1065
1042 1086
1043 1065
1043 1087
1044 1066
1044 1088
1045 1067
1045 1089
1046 1068
1046 1112
1047 1069
1047 1113
1048 1114
1048 1137
1049 1137
1049 1203
1049 1204
1050 1094
1050 1116
1050 1137
1051 1073
1052 1074
1053 1075
1054 1076
1055 1077
1056 1099
1057 1078
1058 1101
1058 1166
1058 1210
1059 1124
1059 1210
1060 1125
1060 1278
1061 1082
1061 1126
1062 1083
1062 1127
1063 1084
1063 1107
1064 1085
1064 1108
1065 1086
1065 1109
1066 1087
1066 1110
1067 1088
1067 1111
1068 1089
1068 1133
1069 1134
1070 1135
1070 1201
1071 1136
1071 1289
1072 1116
1072 1137
1072 1203
1073 1094
1074 1095
1075 1096
1075 1119
1076 1097
1076 1120
1077 1098
1077 1121
1078 1100
1079 1101
1079 1122
1079 1166
1080 1146
1080 1210
1081 1147
1081 1210
1082 1148
1082 1300
1083 1105
1083 1149
1084 1106
1084 1128
1085 1107
1085 1129
1086 1108
1086 1109
1086 1130
1087 1109
1087 1131
1088 1110
1088 1132
1089 1111
1089 1133
1090 1112
1090 1156
1091 1113
1091 1157
1092 1158
1092 1290
1093 1137
1093 1181
1093 1290
1094 1116
1095 1117
1096 1118
1096 1140
1097 1119
1097 1141
1098 1120
1098 1142
1099 1121
1100 1143
1101 1122
1102 1166
1102 1210
1102 1275
1103 1168
1103 1210
1104 1169
1104 1322
1105 1126
1105 1170
1106 1127
1106 1171
1107 1128
1107 1151
1108 1129
1108 1152
1109 1130
1109 1153
1110 1131
1110 1154
1111 1132
1111 1155
1112 1133
1112 1177
1113 1178
1114 1179
1114 1290
1115 1137
1115 1290
1115 1312
1116 1137
1117 1138
1118 1139
1118 1162
1119 1140
1119 1163
1120 1141
1120 1164
1121 1142
1121 1165
1122 1144
1123 1166
1123 1210
1123 1232
1124 1190
1124 1210
1125 1191
1125 1256
1126 1192
1126 1344
1127 1149
1127 1193
1128 1150
1128 1172
1129 1151
1129 1173
1130 1152
1130 1153
1130 1174
1131 1153
1131 1175
1132 1154
1132 1176
1133 1155
1133 1177
1134 1156
1134 1200
1135 1201
1135 1290
1136 1202
1136 1290
1137 1203
1138 1160
1139 1161
1139 1183
1140 1162
1140 1184
1141 1163
1141 1164
1141 1185
1142 1164
1142 1186
1143 1165
1143 1187
1144 1187
1145 1166
1145 1210
1145 1232
1146 1210
1147 1212
1147 1276
1148 1213
1148 1366
1149 1170
1149 1214
1150 1171
1150 1215
1151 1172
1151 1195
1152 1173
1152 1196
1153 1174
1153 1197
1154 1175
1154 1198
1155 1176
1155 1199
1156 1177
1156 1221
1157 1222
1158 1223
1158 1290
1159 1203
1159 1290
1159 1355
1160 1181
1161 1182
1161 1226
1162 1183
1162 1206
1163 1184
1163 1207
1164 1185
1164 1208
1165 1186
1165 1209
1166 1188
1167 1210
1167 1276
1167 1319
1168 1210
1168 1234
1169 1235
1169 1300
1170 1236
1170 1388
1171 1193
1171 1237
1172 1194
1172 1216
1173 1195
1173 1217
1174 1196
1174 1197
1174 1218
1175 1197
1175 1219
1176 1198
1176 1220
1177 1199
1177 1221
1178 1200
1178 1244
1179 1245
1179 1290
1180 1290
1180 1355
1180 1399
1181 1247
1182 1204
1182 1248
1183 1205
1183 1227
1184 1206
1184 1228
1185 1207
1185 1208
1185 1229
1186 1208
1186 1230
1187 1209
1187 1231
1188 1231
1189 1210
1189 1232
1189 1276
1190 1255
1191 1256
1191 1322
1192 1257
1192 1410
1193 1214
1193 1258
1194 1215
1194 1259
1195 1216
1195 1239
1196 1217
1196 1240
1197 1218
1197 1241
1198 1219
1198 1242
1199 1220
1199 1243
1200 1221
1200 1265
1201 1266
1202 1290
1202 1356
1203 1268
1203 1421
1204 1225
1205 1226
1205 1270
1206 1227
1206 1250
1207 1228
1207 1251
1208 1229
1208 1252
1209 1230
1209 1253
1210 1232
1211 1276
1211 1297
1211 1363
1212 1276
1212 1278
1213 1279
1213 1344
1214 1280
1214 1432
1215 1237
1215 1281
1216 1238
1216 1260
1217 1239
1217 1261
1218 1240
1218 1241
1218 1262
1219 1241
1219 1263
1220 1242
1220 1264
1221 1243
1221 1265
1222 1244
1222 1290
1223 1289
1223 1290
1224 1290
1224 1355
1224 1421
1225 1291
1226 1248
1226 1292
1227 1249
1227 1271
1228 1250
1228 1272
1229 1251
1229 1252
1229 1273
1230 1252
1230 1274
1231 1253
1232 1233
1232 1275
1233 1276
1233 1363
1234 1299
1235 1300
1235 1366
1236 1301
1236 1454
1237 1258
1237 1302
1238 1259
1238 1303
1239 1260
1239 1283
1240 1261
1240 1284
1241 1262
1241 1285
1242 1263
1242 1286
1243 1264
1243 1287
1244 1265
1244 1309
1245 1310
1246 1290
1246 1334
1246 1355
1247 1312
1247 1465
1248 1269
1248 1313
1249 1270
1249 1314
1250 1271
1250 1294
1251 1272
1251 1295
1252 1273
1252 1296
1253 1274
1253 1297
1254 1276
1254 1319
1254 1363
1255 1276
1255 1363
1256 1278
1256 1322
1257 1323
1257 1388
1258 1324
1258 1476
1259 1281
1259 1325
1260 1282
1260 1304
1261 1283
1261 1305
1262 1284
1262 1285
1262 1306
1263 1285
1263 1307
1264 1286
1264 1308
1265 1287
1265 1309
1266 1288
1266 1290
1267 1290
1267 1355
1267 1443
1268 1311
1268 1334
1269 1335
1269 1487
1270 1292
1270 1336
1271 1293
1271 1315
1272 1294
1272 1316
1273 1295
1273 1317
1274 1296
1274 1318
1275 1297
1276 1298
1276 1319
1277 1319
1277 1341
1277 1363
1278 1343
1279 1344
1279 1410
1280 1345
1280 1498
1281 1302
1281 1346
1282 1303
1282 1347
1283 1304
1283 1327
1284 1305
1284 1328
1285 1306
1285 1329
1286 1307
1286 1330
1287 1308
1287 1331
1288 1290
1288 1309
1289 1290
1290 1355
1291 1356
1291 1509
1292 1313
1292 1357
1293 1314
1293 1358
1294 1315
1294 1338
1295 1316
1295 1339
1296 1317
1296 1340
1297 1318
1298 1319
1298 1363
1299 1321
1299 1363
1300 1322
1300 1366
1301 1367
1301 1432
1302 1368
1302 1520
1303 1325
1303 1369
1304 1326
1304 1348
1305 1327
1305 1349
1306 1328
1306 1329
1306 1350
1307 1329
1307 1351
1308 1330
1308 1352
1309 1331
1309 1353
1310 1332
1310 1355
1311 1355
1311 1421
1312 1378
1313 1379
1313 1531
1314 1336
1314 1380
1315 1337
1315 1359
1316 1338
1316 1360
1317 1339
1317 1361
1318 1340
1318 1362
1319 1341
1320 1363
1320 1385
1320 1429
1321 1363
1321 1429
1322 1387
1323 1388
1323 1454
1324 1389
1324 1542
1325 1346
1325 1390
1326 1347
1326 1391
1327 1348
1327 1371
1328 1349
1328 1372
1329 1350
1329 1373
1330 1351
1330 1374
1331 1352
1331 1375
1332 1353
1332 1355
1333 1355
1333 1378
1333 1421
1334 1399
1335 1400
1335 1553
1336 1357
1336 1401
1337 1358
1337 1402
1338 1359
1338 1382
1339 1360
1339 1383
1340 1361
1340 1384
1341 1362
1342 1363
1342 1406
1342 1429
1343 1363
1343 1365
1344 1366
1344 1410
1345 1411
1345 1476
1346 1412
1346 1564
1347 1369
1347 1413
1348 1370
1348 1392
1349 1371
1349 1393
1350 1372
1350 1373
1350 1394
1351 1373
1351 1395
1352 1374
1352 1396
1353 1355
1353 1375
1354 1355
1354 1376
1354 1422
1355 1377
1355 1421
1356 1422
1357 1423
1357 1575
1358 1380
1358 1424
1359 1381
1359 1403
1360 1382
1360 1404
1361 1383
1361 1405
1362 1384
1362 1408
1363 1364
1363 1385
1364 1385
1364 1429
1365 1386
1365 1429
1366 1431
1367 1432
1367 1498
1368 1433
1369 1390
1369 1434
1370 1391
1370 1435
1371 1392
1371 1415
1372 1393
1372 1416
1373 1394
1373 1417
1374 1395
1374 1418
1375 1396
1375 1508
1376 1397
1376 1508
1377 1421
1377 1486
1378 1443
1379 1444
1380 1401
1380 1445
1381 1402
1381 1446
1382 1403
1382 1426
1383 1404
1383 1427
1384 1405
1384 1428
1385 1406
1385 1451
1386 1429
1386 1450
1387 1409
1387 1453
1388 1410
1388 1454
1389 1455
1389 1520
1390 1412
1390 1456
1391 1413
1391 1457
1392 1414
1392 1436
1393 1415
1393 1437
1394 1416
1394 1417
1394 1438
1395 1417
1395 1439
1396 1418
1396 1440
1397 1419
1397 1508
1398 1421
1398 1508
1398 1552
1399 1465
1400 1466
1400 1531
1401 1423
1401 1467
1402 1424
1402 1468
1403 1425
1403 1447
1404 1426
1404 1448
1405 1427
1405 1449
1406 1428
1407 1429
1407 1450
1407 1472
1408 1429
1408 1450
1409 1429
1409 1430
1410 1475
1411 1476
1411 1542
1412 1477
1413 1434
1413 1478
1414 1435
1414 1479
1415 1436
1415 1459
1416 1437
1416 1460
1417 1438
1417 1461
1418 1439
1418 1462
1419 1440
1419 1508
1420 1421
1420 1508
1420 1530
1421 1486
1422 1487
1423 1488
1424 1445
1424 1489
1425 1446
1425 1490
1426 1447
1426 1470
1427 1448
1427 1471
1428 1449
1428 1517
1429 1450
1429 1473
1430 1450
1430 1452
1431 1453
1431 1497
1432 1454
1432 1498
1433 1499
1433 1564
1434 1456
1434 1500
1435 1457
1435 1501
1436 1458
1436 1480
1437 1459
1437 1481
1438 1460
1438 1461
1438 1482
1439 1461
1439 1483
1440 1462
1440 1508
1441 1463
1441 1508
1442 1465
1442 1486
1442 1508
1443 1509
1444 1510
1444 1575
1445 1467
1445 1511
1446 1468
1446 1512
1447 1469
1447 1491
1448 1470
1448 1492
1449 1471
1449 1493
1450 1472
1450 1494
1451 1472
1451 1537
1452 1472
1452 1495
1453 1474
1453 1518
1454 1519
1455 1520
1455 1542
1456 1521
1457 1478
1457 1522
1458 1479
1458 1523
1459 1480
1459 1503
1460 1481
1460 1504
1461 1482
1461 1505
1462 1483
1462 1506
1463 1484
1463 1508
1464 1486
1464 1508
1464 1573
1465 1530
1466 1531
1466 1553
1467 1532
1468 1489
1468 1533
1469 1490
1469 1534
1470 1491
1470 1514
1471 1492
1471 1515
1472 1493
1472 1560
1473 1493
1473 1537
1474 1496
1474 1518
1475 1497
1475 1541
1476 1498
1476 1542
1477 1543
1477 1564
1478 1500
1478 1544
1479 1501
1479 1545
1480 1502
1480 1524
1481 1503
1481 1525
1482 1504
1482 1505
1482 1526
1483 1505
1483 1527
1484 1506
1484 1508
1485 1486
1485 1508
1485 1573
1486 1508
1487 1509
1487 1553
1488 1554
1488 1575
1489 1511
1489 1555
1490 1512
1490 1556
1491 1513
1491 1535
1492 1514
1492 1536
1493 1515
1493 1538
1494 1537
1494 1559
1495 1537
1495 1559
1496 1537
1496 1539
1497 1518
1497 1562
1498 1563
1499 1520
1499 1564
1500 1565
1501 1522
1501 1566
1502 1523
1502 1567
1503 1524
1503 1547
1504 1525
1504 1548
1505 1526
1505 1549
1506 1508
1506 1527
1507 1508
1507 1528
1508 1529
1509 1574
1510 1531
1510 1575
1511 1576
1512 1533
1512 1577
1513 1534
1513 1578
1514 1535
1514 1558
1515 1536
1516 1537
1516 1559
1516 1580
1517 1537
1517 1559
1518 1540
1518 1562
1519 1541
1519 1563
1520 1542
1521 1543
1522 1544
1523 1545
1523 1567
1524 1546
1524 1568
1525 1547
1525 1569
1526 1548
1526 1549
1526 1570
1527 1549
1527 1573
1528 1550
1528 1573
1529 1552
1529 1573
1530 1552
1531 1553
1532 1554
1533 1555
1534 1556
1534 1578
1535 1557
1535 1579
1536 1558
1537 1559
1537 1581
1538 1559
1538 1580
1539 1559
1539 1561
1540 1562
1540 1583
1541 1562
1541 1563
1542 1563
1543 1564
1545 1566
1545 1567
1546 1567
1546 1568
1547 1568
1547 1569
1548 1569
1548 1570
1549 1570
1549 1571
1550 1571
1550 1573
1551 1552
1551 1573
1552 1573
1554 1575
1556 1577
1556 1578
1557 1578
1557 1579
1558 1579
1558 1580
1559 1580
1560 1580
1560 1581
1561 1580
1561 1582
1562 1563
1563 1564
1564 1565
1565 1566
1566 1567
1567 1568
1568 1569
1569 1570
1570 1571
1570 1572
1571 1573
1572 1573
1572 1574
1574 1575
1575 1576
1576 1577
1577 1578
1578 1579
1579 1580
1581 1582
1581 1583
1582 1583
