0 43
0 1518
0 1562
1 22
1 1519
1 1563
2 1368
2 1433
2 1520
3 68
3 134
3 1521
4 69
4 222
4 1522
5 26
5 70
5 1567
6 27
6 50
6 1568
7 28
7 51
7 1569
8 29
8 1548
8 1569
9 30
9 53
9 1571
10 31
10 1550
10 1572
11 32
11 1529
11 1573
12 33
12 1530
12 1574
13 1379
13 1444
13 1531
14 79
14 145
14 1532
15 80
15 233
15 1533
16 37
16 81
16 1578
17 38
17 61
17 1579
18 39
18 62
18 1580
19 40
19 63
19 1581
20 41
20 1560
20 1582
21 42
21 43
21 65
22 44
22 1541
23 89
23 1389
23 1542
24 90
24 1477
24 1543
25 91
25 178
25 243
26 48
26 92
27 49
27 93
28 50
28 72
29 51
29 1548
29 1569
30 52
30 74
31 53
31 75
32 54
32 76
33 55
33 1552
34 100
34 1400
34 1553
35 101
35 1488
35 1554
36 102
36 189
36 254
37 59
37 103
38 60
38 104
39 61
39 1579
40 62
40 1580
41 63
41 1581
42 64
42 65
43 65
43 1583
44 87
44 1562
45 66
45 110
45 1563
46 1412
46 1477
46 1564
47 112
47 178
47 1565
48 113
48 266
48 1566
49 70
49 114
50 71
50 94
51 94
51 1569
52 73
52 96
52 1548
53 74
53 97
54 75
54 98
55 76
55 1573
56 77
56 121
56 1574
57 1423
57 1488
57 1575
58 123
58 189
58 1576
59 124
59 277
59 1577
60 81
60 125
61 82
61 105
62 83
62 106
63 84
63 107
63 128
64 65
64 85
65 86
66 88
66 110
67 133
67 1433
67 1499
68 134
68 1521
69 135
69 222
69 287
70 92
70 136
71 93
71 137
72 94
72 115
72 1569
73 95
73 117
74 96
74 118
75 97
75 119
76 98
76 120
77 99
77 121
78 144
78 1444
78 1510
79 145
79 1532
80 146
80 233
80 298
81 103
81 147
82 104
82 148
83 105
83 127
84 106
84 128
85 107
85 129
86 130
86 152
87 109
87 131
88 131
88 132
89 110
89 154
90 1456
90 1521
91 156
91 222
92 157
92 310
93 114
93 158
94 115
94 138
95 116
95 139
96 117
96 118
96 140
97 118
97 141
98 119
98 142
99 120
99 143
100 121
100 165
101 1467
101 1532
102 167
102 233
103 168
103 321
104 125
104 169
105 126
105 149
106 127
106 150
107 128
107 151
107 195
108 130
108 152
108 173
109 130
109 153
110 132
110 154
111 177
111 1477
111 1543
112 178
112 1565
113 179
113 266
113 331
114 136
114 180
115 137
115 159
116 138
116 160
117 139
117 161
118 140
118 162
119 141
119 163
120 142
120 164
121 143
121 165
122 188
122 1488
122 1554
123 189
123 1576
124 190
124 277
124 342
125 147
125 191
126 148
126 192
127 149
127 171
128 150
128 172
129 152
129 173
129 195
130 152
130 174
131 153
131 175
132 175
132 176
133 154
133 198
134 1500
134 1565
135 200
135 266
136 201
136 354
137 158
137 202
138 159
139 160
139 183
140 161
140 162
140 184
141 162
141 185
142 163
142 186
143 164
143 187
144 165
144 209
145 1511
145 1576
146 211
146 277
147 212
147 365
148 169
148 213
149 170
149 193
150 171
150 194
151 172
151 173
151 195
152 173
153 174
153 197
154 176
154 198
155 177
155 221
155 1521
156 178
156 222
157 223
157 310
157 375
158 180
158 224
159 202
159 268
160 182
160 204
161 183
161 205
162 184
162 206
163 185
163 207
164 186
164 208
165 187
165 209
166 188
166 232
166 1532
167 189
167 233
168 234
168 321
168 386
169 191
169 235
170 192
170 236
171 193
171 215
172 173
172 194
172 195
173 195
174 196
174 218
175 197
175 219
176 219
176 220
177 198
177 242
178 1544
179 244
179 310
180 245
180 398
181 202
181 224
181 268
182 203
182 226
183 204
183 227
184 205
184 206
184 228
185 206
185 229
186 207
186 230
187 208
187 231
188 209
188 253
189 1555
190 255
190 321
191 256
191 409
192 213
192 257
193 214
193 237
194 195
194 215
195 216
196 217
196 240
197 218
197 241
198 220
198 242
199 221
199 265
199 1565
200 222
200 266
201 267
201 354
201 419
202 268
202 312
203 225
203 268
204 226
204 248
205 227
205 249
206 228
206 250
207 229
207 251
208 230
208 252
209 231
209 253
210 232
210 276
210 1576
211 233
211 277
212 278
212 365
212 430
213 235
213 279
214 236
214 280
215 237
215 259
216 260
216 282
217 239
217 261
218 240
218 262
219 241
219 263
220 263
220 264
221 242
221 286
223 288
223 354
224 289
224 442
225 246
225 268
226 247
226 270
227 248
227 271
228 249
228 250
228 272
229 250
229 273
230 251
230 274
231 252
231 275
232 253
232 297
234 299
234 365
235 300
235 453
236 257
236 301
237 258
237 281
238 259
238 260
238 282
239 260
239 283
240 261
240 284
241 262
241 285
242 264
242 286
243 265
243 309
244 266
244 310
245 311
245 398
245 463
246 268
246 486
247 269
247 313
248 270
248 292
249 271
249 293
250 272
250 294
251 273
251 295
252 274
252 296
253 275
253 297
254 276
254 320
255 277
255 321
256 322
256 409
256 474
257 279
257 323
258 280
258 324
259 260
259 281
259 282
260 282
260 304
261 283
261 305
262 284
262 306
263 285
263 307
264 307
264 308
265 286
265 330
267 332
267 398
268 486
269 290
269 334
270 291
270 314
271 292
271 315
272 293
272 294
272 316
273 294
273 317
274 295
274 318
275 296
275 319
276 297
276 341
278 343
278 409
279 344
279 497
280 301
280 345
281 282
281 302
282 303
283 304
283 327
284 305
284 328
285 306
285 329
286 308
286 330
287 309
287 353
288 310
288 354
289 355
289 442
289 507
290 356
290 486
291 313
291 357
292 314
292 336
293 315
293 337
294 316
294 338
295 317
295 339
296 318
296 340
297 319
297 341
298 320
298 364
299 321
299 365
300 366
300 453
300 518
301 323
301 367
302 324
302 368
303 347
303 369
304 326
304 348
305 327
305 349
306 328
306 350
307 329
307 351
308 351
308 352
309 330
309 374
311 376
311 442
312 420
312 486
313 334
313 378
314 335
314 358
315 336
315 359
316 337
316 338
316 360
317 338
317 361
318 339
318 362
319 340
319 363
320 341
320 385
322 387
322 453
323 388
323 541
324 345
324 389
325 346
325 347
325 369
326 347
326 370
327 348
327 371
328 349
328 372
329 350
329 373
330 352
330 374
331 353
331 397
332 354
332 398
333 355
333 420
333 486
334 356
334 400
335 357
335 401
336 358
336 380
337 359
337 381
338 360
338 382
339 361
339 383
340 362
340 384
341 363
341 385
342 364
342 408
343 365
343 409
344 410
344 497
344 562
345 367
345 411
346 347
346 368
346 369
347 369
347 391
348 370
348 392
349 371
349 393
350 372
350 394
351 373
351 395
352 395
352 396
353 374
353 418
355 420
355 464
356 421
356 574
357 378
357 422
358 379
358 402
359 380
359 403
360 381
360 382
360 404
361 382
361 405
362 383
362 406
363 384
363 407
364 385
364 429
366 431
366 497
367 432
367 585
368 389
368 433
369 390
370 391
370 414
371 392
371 415
372 393
372 416
373 394
373 417
374 396
374 418
375 397
375 441
376 398
376 442
377 443
377 530
377 595
378 400
378 444
379 401
379 445
380 402
380 424
381 403
381 425
382 404
382 426
383 405
383 427
384 406
384 428
385 407
385 429
386 408
386 452
387 409
387 453
388 454
388 541
388 606
389 411
389 455
390 413
390 434
391 413
391 435
392 414
392 436
393 415
393 437
394 416
394 438
395 417
395 439
396 439
396 440
397 418
397 462
399 420
399 486
399 507
400 465
400 618
401 422
401 466
402 423
402 446
403 424
403 447
404 425
404 426
404 448
405 426
405 449
406 427
406 450
407 428
407 451
408 429
408 473
410 475
410 541
411 476
411 629
412 433
412 434
412 477
413 434
413 457
414 435
414 458
415 436
415 459
416 437
416 460
417 438
417 461
418 440
418 462
419 441
419 485
420 486
421 487
421 574
421 639
422 444
422 488
423 445
423 489
424 446
424 468
425 447
425 469
426 448
426 470
427 449
427 471
428 450
428 472
429 451
429 473
430 452
430 496
431 453
431 497
432 498
432 585
432 650
433 455
433 499
434 456
434 521
435 457
435 479
436 458
436 480
437 459
437 481
438 460
438 482
439 461
439 483
440 483
440 484
441 462
441 506
443 486
443 508
444 509
444 662
445 466
445 510
446 467
446 490
447 468
447 491
448 469
448 470
448 492
449 470
449 493
450 471
450 494
451 472
451 495
452 473
452 517
454 519
454 585
455 520
455 673
456 477
456 478
457 478
457 501
458 479
458 502
459 480
459 503
460 481
460 504
461 482
461 505
462 484
462 506
463 485
463 529
464 486
464 530
465 531
465 618
465 683
466 488
466 532
467 489
467 533
468 490
468 512
469 491
469 513
470 492
470 514
471 493
471 515
472 494
472 516
473 495
473 517
474 496
474 540
475 497
475 541
476 542
476 629
476 694
477 499
477 543
477 564
478 500
478 544
479 501
479 523
480 502
480 524
481 503
481 525
482 504
482 526
483 505
483 527
484 527
484 528
485 506
485 550
487 552
487 618
488 553
488 706
489 510
489 554
490 511
490 534
491 512
491 535
492 513
492 514
492 536
493 514
493 537
494 515
494 538
495 516
495 539
496 517
496 561
498 563
498 629
499 564
499 717
500 522
500 544
501 522
501 545
502 523
502 546
503 524
503 547
504 525
504 548
505 526
505 549
506 528
506 550
507 573
507 617
508 530
508 574
509 575
509 662
509 727
510 532
510 576
511 533
511 577
512 534
512 556
513 535
513 557
514 536
514 558
515 537
515 559
516 538
516 560
517 539
517 561
518 540
518 584
519 541
519 585
520 586
520 673
520 738
521 544
521 587
522 544
522 588
523 545
523 567
524 546
524 568
525 547
525 569
526 548
526 570
527 549
527 571
528 571
528 572
529 550
529 594
530 573
531 596
531 662
532 597
532 750
533 554
533 598
534 555
534 578
535 556
535 579
536 557
536 558
536 580
537 558
537 581
538 559
538 582
539 560
539 583
540 561
540 605
542 607
542 673
543 608
543 761
544 565
544 631
545 566
545 589
546 567
546 590
547 568
547 591
547 612
548 569
548 592
549 570
549 593
550 572
550 594
551 573
551 594
551 617
552 574
552 618
553 619
553 706
553 771
554 576
554 620
555 577
555 621
556 578
556 600
557 579
557 601
558 580
558 602
559 581
559 603
560 582
560 604
561 583
561 605
562 584
562 628
563 585
563 629
564 630
564 717
564 782
565 588
565 631
566 588
566 632
567 589
567 611
568 590
568 612
569 591
569 613
570 592
570 614
571 593
571 615
572 615
572 616
573 594
575 640
575 706
576 641
576 794
577 598
577 642
578 599
578 622
579 600
579 623
580 601
580 602
580 624
581 602
581 625
582 603
582 626
583 604
583 627
584 605
584 649
586 651
586 717
587 652
587 739
587 805
588 609
588 740
589 610
589 633
590 611
590 634
591 612
591 635
592 613
592 636
593 614
593 637
594 616
594 638
595 617
595 661
596 618
596 662
597 663
597 750
597 815
598 620
598 664
599 621
599 665
600 622
600 644
601 623
601 645
602 624
602 646
603 625
603 647
604 626
604 648
605 627
605 649
606 628
606 672
607 629
607 673
608 674
608 761
608 826
609 632
609 653
610 632
610 676
611 633
611 655
612 634
612 656
613 635
613 657
614 636
614 658
615 637
615 659
616 659
616 660
617 638
617 682
619 684
619 750
620 685
620 838
621 642
621 686
622 643
622 666
623 644
623 667
624 645
624 646
624 668
625 646
625 669
626 647
626 670
627 648
627 671
628 649
628 693
630 695
630 761
631 653
631 849
632 653
632 697
633 654
633 677
634 655
634 678
635 656
635 679
636 657
636 680
637 658
637 681
638 659
638 660
639 661
639 705
640 662
640 706
641 707
641 794
641 859
642 664
642 708
643 665
643 709
644 666
644 688
645 667
645 689
646 668
646 690
647 669
647 691
648 670
648 692
649 671
649 693
650 672
650 716
651 673
651 717
652 718
652 805
652 870
653 675
653 719
654 676
654 720
655 677
655 699
656 678
656 700
657 679
657 701
658 680
658 702
659 681
659 703
660 681
660 703
661 682
661 726
663 728
663 794
664 729
664 882
665 686
665 730
666 687
666 710
667 688
667 711
668 689
668 690
668 712
669 690
669 713
670 691
670 714
671 692
671 715
672 693
672 737
674 739
674 805
675 697
675 893
676 697
676 807
677 698
677 721
678 699
678 722
679 700
679 723
680 701
680 724
681 702
681 725
682 704
682 726
683 705
683 749
684 706
684 750
685 751
685 838
685 903
686 708
686 752
687 709
687 753
688 710
688 732
689 711
689 733
690 712
690 734
691 713
691 735
692 714
692 736
693 715
693 737
694 716
694 760
695 717
695 761
696 762
696 849
696 914
697 719
697 763
698 720
698 764
699 721
699 743
700 722
700 744
701 723
701 745
702 724
702 746
703 725
703 747
704 747
704 748
705 726
705 770
707 772
707 838
708 773
708 926
709 730
709 774
710 731
710 754
711 732
711 755
712 733
712 734
712 756
713 734
713 757
714 735
714 758
715 736
715 759
716 737
716 781
718 783
718 849
719 937
720 741
720 785
721 742
721 765
722 743
722 766
723 744
723 767
724 745
724 768
725 746
725 769
726 748
726 770
727 749
727 793
728 750
728 794
729 795
729 882
729 947
730 752
730 796
731 753
731 797
732 754
732 776
733 755
733 777
734 756
734 778
735 757
735 779
736 758
736 780
737 759
737 781
738 760
738 804
739 805
739 957
740 806
740 958
741 763
741 807
742 764
742 808
743 765
743 787
744 766
744 788
745 767
745 789
746 768
746 790
747 769
747 791
748 791
748 792
749 770
749 814
751 816
751 882
752 817
752 970
753 774
753 818
754 775
754 798
755 776
755 799
756 777
756 778
756 800
757 778
757 801
758 779
758 802
759 780
759 803
760 781
760 825
762 827
762 893
763 828
763 981
764 785
764 829
765 786
765 809
766 787
766 810
767 788
767 811
768 789
768 812
769 790
769 813
770 792
770 814
771 793
771 837
772 794
772 838
773 839
773 926
773 991
774 796
774 840
775 797
775 841
776 798
776 820
777 799
777 821
778 800
778 822
779 801
779 823
780 802
780 824
781 803
781 825
782 804
782 848
783 849
783 957
784 850
784 937
784 1002
785 807
785 851
786 808
786 852
787 809
787 831
788 810
788 832
789 811
789 833
790 812
790 834
791 813
791 835
792 835
792 836
793 814
793 858
795 860
795 926
796 861
796 1014
797 818
797 862
798 819
798 842
799 820
799 843
800 821
800 822
800 844
801 822
801 845
802 823
802 846
803 824
803 847
804 825
804 869
806 871
806 937
807 872
807 1025
808 829
808 873
809 830
809 853
810 831
810 854
810 875
811 832
811 855
811 876
812 833
812 856
813 834
813 857
814 836
814 858
815 837
815 881
816 838
816 882
817 883
817 970
817 1035
818 840
818 884
819 841
819 885
820 842
820 864
821 843
821 865
822 844
822 866
823 845
823 867
824 846
824 868
825 847
825 869
826 892
826 957
827 893
827 1001
828 894
828 981
828 1046
829 851
829 895
829 916
830 852
830 874
830 896
831 853
831 875
832 854
832 876
833 855
833 877
834 856
834 878
835 857
835 879
836 879
836 880
837 858
837 902
839 904
839 970
840 905
840 1058
841 862
841 906
842 863
842 886
843 864
843 887
844 865
844 866
844 888
845 866
845 889
846 867
846 890
847 868
847 956
848 869
848 957
849 1001
850 915
850 981
851 916
851 1003
851 1069
852 873
852 917
853 874
853 897
854 875
854 898
855 876
855 899
855 920
856 877
856 900
857 878
857 901
858 880
858 902
859 881
859 925
860 882
860 926
861 927
861 1014
861 1079
862 884
862 928
863 885
863 929
864 886
864 908
865 887
865 909
866 888
866 910
867 889
867 954
868 890
868 955
869 956
869 979
870 957
870 1001
871 937
871 1045
872 938
872 1025
872 1090
873 895
873 939
874 896
874 940
875 897
875 919
876 898
876 920
877 899
877 921
878 900
878 922
879 901
879 923
880 923
880 924
881 902
881 946
883 948
883 1014
884 949
884 1102
885 906
885 950
886 907
886 930
887 908
887 931
888 909
888 932
888 976
889 910
889 954
890 911
890 955
891 912
891 956
891 978
892 957
892 979
892 1001
893 1001
893 1045
894 959
894 1025
895 960
895 1113
896 917
896 961
897 918
897 941
898 919
898 942
899 920
899 943
899 964
900 921
900 944
901 922
901 945
902 924
902 946
903 925
903 969
904 926
904 970
905 971
905 1058
905 1123
906 928
906 972
907 929
907 973
908 930
908 1018
909 931
909 996
910 932
910 954
910 976
911 954
911 955
911 977
912 955
912 956
912 978
913 956
913 957
913 979
914 957
914 1001
915 981
915 1089
916 982
916 1069
916 1134
917 939
917 983
918 940
918 984
919 941
919 963
920 942
920 964
921 943
921 965
922 944
922 966
923 945
923 967
924 967
924 968
925 946
925 990
927 992
927 1058
928 993
928 1146
929 950
929 994
930 951
930 1039
931 952
931 996
932 954
932 976
932 997
933 954
933 955
933 977
934 955
934 978
934 999
935 956
935 979
935 1000
936 957
936 1001
936 1023
937 1089
938 1003
938 1069
939 1004
939 1157
940 961
940 1005
941 962
941 985
942 963
942 986
943 964
943 987
943 1008
944 965
944 988
945 966
945 989
946 968
946 990
947 969
947 1013
948 970
948 1014
949 1015
949 1102
949 1167
950 972
950 1016
951 973
951 1061
952 996
952 1018
953 976
953 997
953 1019
954 976
955 977
956 978
957 979
958 1001
958 1045
959 1025
959 1133
960 1026
960 1113
960 1178
961 983
961 1027
962 984
962 1028
963 985
963 1007
964 986
964 1008
965 987
965 1009
966 988
966 1010
967 989
967 1011
968 1011
968 1012
969 990
969 1034
971 1036
971 1102
972 1037
972 1190
973 994
973 1061
974 996
974 1018
974 1039
975 996
975 1019
975 1040
976 997
977 998
977 1021
978 999
979 1000
980 1001
980 1045
980 1067
981 1133
982 1047
982 1113
983 1048
983 1201
984 1005
984 1049
985 1006
985 1029
986 1007
986 1030
987 1008
987 1031
987 1052
988 1009
988 1032
989 1010
989 1033
990 1012
990 1034
991 1013
991 1057
992 1014
992 1058
993 1059
993 1146
993 1211
994 1016
994 1060
995 1018
995 1039
995 1061
996 1018
997 1019
998 1020
998 1042
999 1021
999 1043
1000 1022
1000 1044
1001 1023
1002 1045
1002 1089
1003 1069
1003 1177
1004 1070
1004 1157
1004 1222
1005 1027
1005 1071
1006 1028
1006 1072
1007 1029
1007 1051
1008 1030
1008 1052
1009 1031
1009 1053
1010 1032
1010 1054
1011 1033
1011 1055
1012 1055
1012 1056
1013 1034
1013 1078
1015 1080
1015 1146
1016 1081
1016 1234
1017 1039
1017 1061
1017 1148
1018 1039
1019 1040
1019 1063
1020 1041
1020 1064
1021 1042
1021 1065
1022 1043
1022 1066
1023 1044
1023 1067
1024 1045
1024 1089
1024 1111
1025 1177
1026 1091
1026 1157
1027 1092
1027 1245
1028 1049
1028 1093
1029 1050
1029 1073
1030 1051
1030 1074
1031 1052
1031 1075
1031 1096
1032 1053
1032 1076
1033 1054
1033 1077
1034 1056
1034 1078
1035 1057
1035 1101
1036 1058
1036 1102
1037 1103
1037 1190
1037 1255
1038 1104
1038 1148
1038 1235
1039 1061
1040 1062
1040 1084
1041 1063
1041 1085
1042 1064
1042 1086
1043 1065
1043 1087
1044 1066
1044 1088
1045 1067
1046 1089
1046 1133
1047 1069
1047 1113
1048 1114
1048 1201
1048 1266
1049 1071
1049 1115
1050 1072
1050 1116
1051 1073
1051 1095
1052 1074
1052 1096
1053 1075
1053 1097
1054 1076
1054 1098
1055 1077
1055 1099
1056 1099
1056 1100
1057 1078
1057 1122
1059 1124
1059 1190
1060 1235
1060 1278
1061 1082
1062 1083
1062 1106
1063 1084
1063 1107
1064 1085
1064 1108
1065 1086
1065 1109
1066 1087
1066 1110
1067 1088
1067 1111
1068 1089
1068 1133
1068 1155
1070 1135
1070 1201
1071 1136
1071 1289
1072 1093
1072 1137
1073 1094
1073 1117
1074 1095
1074 1118
1075 1096
1075 1119
1075 1140
1076 1097
1076 1120
1077 1098
1077 1121
1078 1100
1078 1122
1079 1101
1079 1145
1080 1102
1080 1146
1081 1147
1081 1234
1081 1299
1082 1126
1082 1148
1083 1105
1083 1149
1084 1106
1084 1128
1085 1107
1085 1129
1086 1108
1086 1130
1087 1109
1087 1131
1088 1110
1088 1132
1089 1111
1090 1133
1090 1177
1091 1113
1091 1157
1092 1158
1092 1245
1092 1310
1093 1115
1093 1159
1094 1116
1094 1160
1095 1117
1095 1139
1096 1118
1096 1140
1097 1119
1097 1141
1098 1120
1098 1142
1099 1121
1099 1143
1100 1143
1100 1144
1101 1122
1101 1166
1103 1168
1103 1234
1104 1148
1104 1235
1105 1126
1105 1170
1106 1127
1106 1150
1107 1128
1107 1151
1108 1129
1108 1130
1108 1152
1109 1130
1109 1153
1110 1131
1110 1154
1111 1132
1111 1155
1112 1133
1112 1177
1112 1199
1114 1179
1114 1245
1115 1180
1115 1333
1116 1137
1116 1181
1117 1138
1117 1161
1118 1139
1118 1162
1119 1140
1119 1163
1119 1184
1120 1141
1120 1164
1121 1142
1121 1165
1122 1144
1122 1166
1123 1145
1123 1189
1124 1146
1124 1190
1125 1191
1125 1235
1125 1343
1126 1148
1126 1192
1127 1149
1127 1193
1128 1150
1128 1172
1129 1151
1129 1173
1130 1152
1130 1174
1131 1153
1131 1175
1132 1154
1132 1176
1133 1155
1134 1177
1134 1200
1135 1157
1135 1201
1136 1202
1136 1289
1136 1354
1137 1159
1137 1203
1138 1160
1138 1204
1139 1161
1139 1183
1140 1162
1140 1184
1141 1163
1141 1185
1142 1164
1142 1186
1143 1165
1143 1187
1144 1187
1144 1188
1145 1166
1145 1210
1147 1212
1147 1278
1148 1366
1149 1170
1149 1214
1150 1171
1150 1194
1151 1172
1151 1195
1152 1173
1152 1174
1152 1196
1153 1174
1153 1197
1154 1175
1154 1198
1155 1176
1155 1199
1156 1177
1156 1199
1156 1243
1158 1223
1158 1289
1159 1224
1159 1377
1160 1181
1160 1225
1161 1182
1161 1205
1162 1183
1162 1206
1163 1184
1163 1207
1163 1228
1164 1185
1164 1208
1165 1186
1165 1209
1166 1188
1166 1210
1167 1189
1167 1233
1168 1190
1168 1234
1169 1235
1169 1300
1169 1366
1170 1192
1170 1236
1171 1193
1171 1237
1172 1194
1172 1216
1173 1195
1173 1217
1174 1196
1174 1218
1175 1197
1175 1219
1176 1198
1176 1220
1177 1199
1178 1200
1178 1244
1179 1201
1179 1245
1180 1246
1180 1333
1180 1398
1181 1203
1181 1247
1182 1204
1182 1248
1183 1205
1183 1227
1184 1206
1184 1228
1185 1207
1185 1229
1186 1208
1186 1230
1187 1209
1187 1231
1188 1231
1188 1232
1189 1210
1189 1254
1191 1235
1191 1256
1192 1257
1192 1410
1193 1214
1193 1258
1194 1215
1194 1238
1195 1216
1195 1239
1196 1217
1196 1218
1196 1240
1197 1218
1197 1241
1198 1219
1198 1242
1199 1220
1199 1243
1200 1221
1200 1243
1200 1265
1202 1267
1202 1333
1203 1268
1203 1421
1204 1225
1204 1269
1205 1226
1205 1249
1206 1227
1206 1250
1207 1228
1207 1251
1207 1272
1208 1229
1208 1252
1209 1230
1209 1253
1210 1232
1210 1254
1211 1233
1211 1277
1212 1235
1212 1278
1213 1279
1213 1366
1213 1431
1214 1236
1214 1280
1215 1237
1215 1281
1216 1238
1216 1260
1217 1239
1217 1261
1218 1240
1218 1262
1219 1241
1219 1263
1220 1242
1220 1264
1221 1243
1221 1264
1221 1308
1222 1244
1222 1288
1223 1245
1223 1289
1224 1290
1224 1377
1224 1442
1225 1247
1225 1291
1226 1248
1226 1292
1227 1249
1227 1271
1228 1250
1228 1272
1229 1251
1229 1273
1230 1252
1230 1274
1231 1253
1231 1275
1232 1275
1232 1276
1233 1254
1233 1298
1235 1300
1235 1322
1236 1301
1236 1454
1237 1258
1237 1302
1238 1259
1238 1282
1239 1260
1239 1283
1240 1261
1240 1262
1240 1284
1241 1262
1241 1285
1242 1263
1242 1286
1243 1264
1244 1265
1244 1309
1246 1311
1246 1377
1247 1312
1247 1465
1248 1269
1248 1313
1249 1270
1249 1293
1250 1271
1250 1294
1251 1272
1251 1295
1251 1316
1252 1273
1252 1296
1253 1274
1253 1297
1254 1276
1254 1298
1255 1277
1255 1321
1256 1300
1256 1322
1257 1323
1257 1410
1257 1475
1258 1280
1258 1324
1259 1281
1259 1325
1260 1282
1260 1304
1261 1283
1261 1305
1262 1284
1262 1306
1263 1285
1263 1307
1264 1286
1264 1308
1265 1287
1265 1308
1266 1288
1266 1332
1267 1289
1267 1333
1268 1334
1268 1421
1268 1486
1269 1291
1269 1335
1270 1292
1270 1336
1271 1293
1271 1315
1272 1294
1272 1316
1273 1295
1273 1317
1274 1296
1274 1318
1275 1297
1275 1319
1276 1319
1276 1320
1277 1298
1277 1342
1278 1300
1279 1344
1279 1410
1280 1345
1280 1498
1281 1302
1281 1346
1282 1303
1282 1326
1283 1304
1283 1327
1284 1305
1284 1306
1284 1328
1285 1306
1285 1329
1286 1307
1286 1330
1287 1308
1287 1330
1287 1374
1288 1309
1288 1353
1290 1355
1290 1421
1291 1356
1291 1509
1292 1313
1292 1357
1293 1314
1293 1337
1294 1315
1294 1338
1295 1316
1295 1339
1295 1360
1296 1317
1296 1340
1297 1318
1297 1341
1298 1320
1298 1342
1299 1321
1299 1365
1300 1366
1300 1387
1301 1367
1301 1454
1301 1519
1302 1324
1302 1368
1303 1325
1303 1369
1304 1326
1304 1348
1305 1327
1305 1349
1306 1328
1306 1350
1307 1329
1307 1351
1308 1330
1308 1331
1309 1331
1309 1353
1310 1332
1310 1376
1311 1333
1311 1377
1312 1378
1312 1465
1312 1530
1313 1335
1313 1379
1314 1336
1314 1380
1315 1337
1315 1359
1316 1338
1316 1360
1317 1339
1317 1361
1318 1340
1318 1362
1319 1341
1319 1363
1320 1363
1320 1364
1321 1342
1321 1386
1322 1366
1323 1388
1323 1454
1324 1389
1324 1542
1325 1346
1325 1390
1326 1347
1326 1370
1327 1348
1327 1371
1328 1349
1328 1372
1329 1350
1329 1373
1330 1351
1330 1374
1331 1352
1331 1374
1332 1353
1332 1397
1334 1399
1334 1465
1335 1400
1335 1553
1336 1357
1336 1401
1337 1358
1337 1381
1338 1359
1338 1382
1339 1360
1339 1383
1339 1404
1340 1361
1340 1384
1341 1362
1341 1385
1342 1364
1342 1386
1343 1366
1343 1409
1344 1366
1344 1410
1345 1411
1345 1498
1345 1563
1346 1368
1346 1412
1347 1369
1347 1413
1348 1370
1348 1392
1349 1371
1349 1393
1350 1372
1350 1394
1351 1373
1351 1395
1352 1374
1352 1395
1352 1396
1353 1375
1353 1397
1354 1376
1354 1420
1355 1377
1355 1421
1356 1422
1356 1509
1356 1574
1357 1379
1357 1423
1358 1380
1358 1424
1359 1381
1359 1403
1360 1382
1360 1404
1361 1383
1361 1405
1362 1384
1362 1406
1363 1385
1363 1407
1364 1407
1364 1408
1365 1386
1365 1430
1367 1432
1367 1498
1368 1433
1369 1390
1369 1434
1370 1391
1370 1414
1371 1392
1371 1415
1372 1393
1372 1416
1373 1394
1373 1417
1374 1395
1374 1418
1375 1396
1375 1419
1376 1397
1376 1441
1378 1443
1378 1509
1379 1444
1380 1401
1380 1445
1381 1402
1381 1425
1382 1403
1382 1426
1383 1404
1383 1427
1383 1448
1384 1405
1384 1428
1385 1406
1385 1429
1386 1408
1386 1430
1387 1431
1387 1497
1388 1410
1388 1454
1389 1455
1389 1542
1390 1412
1390 1456
1391 1413
1391 1457
1392 1414
1392 1436
1393 1415
1393 1437
1394 1416
1394 1438
1395 1417
1395 1439
1396 1418
1396 1440
1397 1419
1397 1441
1398 1420
1398 1464
1399 1421
1399 1465
1400 1466
1400 1553
1401 1423
1401 1467
1402 1424
1402 1468
1403 1425
1403 1447
1404 1426
1404 1448
1405 1427
1405 1449
1406 1428
1406 1450
1407 1429
1407 1451
1408 1451
1408 1452
1409 1430
1409 1431
1411 1476
1411 1542
1412 1477
1413 1434
1413 1478
1414 1435
1414 1458
1415 1436
1415 1459
1416 1437
1416 1460
1417 1438
1417 1461
1418 1439
1418 1461
1419 1440
1419 1463
1420 1441
1420 1485
1422 1487
1422 1553
1423 1488
1424 1445
1424 1489
1425 1446
1425 1469
1426 1447
1426 1470
1427 1448
1427 1471
1427 1492
1428 1449
1428 1472
1429 1450
1429 1473
1430 1452
1430 1518
1431 1453
1431 1497
1432 1454
1432 1498
1433 1499
1434 1456
1434 1500
1435 1457
1435 1501
1436 1458
1436 1480
1437 1459
1437 1481
1438 1460
1438 1482
1439 1461
1439 1482
1439 1483
1440 1462
1440 1484
1441 1463
1441 1485
1442 1464
1442 1508
1443 1465
1443 1509
1444 1510
1445 1467
1445 1511
1446 1468
1446 1512
1447 1469
1447 1491
1448 1470
1448 1492
1449 1471
1449 1493
1450 1472
1450 1494
1451 1473
1451 1495
1452 1495
1452 1496
1453 1497
1453 1518
1455 1520
1455 1542
1456 1521
1457 1478
1457 1522
1458 1479
1458 1502
1459 1480
1459 1503
1460 1481
1460 1504
1461 1482
1461 1505
1462 1483
1462 1506
1463 1484
1463 1507
1464 1485
1464 1529
1466 1531
1466 1553
1467 1532
1468 1489
1468 1533
1469 1490
1469 1513
1470 1491
1470 1514
1471 1492
1471 1515
1471 1536
1472 1493
1472 1516
1473 1494
1473 1517
1474 1496
1474 1497
1474 1518
1475 1497
1475 1541
1476 1498
1476 1542
1477 1543
1478 1500
1478 1544
1479 1501
1479 1545
1480 1502
1480 1524
1481 1503
1481 1525
1482 1504
1482 1526
1483 1505
1483 1527
1484 1506
1484 1528
1485 1507
1485 1529
1486 1508
1486 1552
1487 1509
1487 1553
1488 1554
1489 1511
1489 1555
1490 1512
1490 1556
1491 1513
1491 1535
1492 1514
1492 1536
1493 1515
1493 1537
1494 1516
1494 1538
1495 1517
1495 1539
1496 1518
1496 1539
1497 1518
1497 1562
1499 1520
1499 1564
1500 1565
1501 1522
1501 1566
1502 1523
1502 1546
1503 1524
1503 1547
1504 1525
1504 1548
1505 1526
1505 1548
1506 1527
1506 1550
1507 1528
1507 1551
1508 1529
1508 1573
1510 1531
1510 1575
1511 1576
1512 1533
1512 1577
1513 1534
1513 1557
1514 1535
1514 1558
1515 1536
1515 1559
1515 1580
1516 1537
1516 1560
1517 1538
1517 1561
1518 1540
1519 1541
1520 1542
1522 1544
1523 1545
1523 1567
1524 1546
1524 1568
1525 1547
1525 1569
1526 1548
1526 1569
1526 1570
1527 1549
1527 1571
1528 1550
1528 1572
1529 1551
1529 1573
1530 1552
1531 1553
1533 1555
1534 1556
1534 1578
1535 1557
1535 1579
1536 1558
1536 1580
1537 1559
1537 1581
1538 1560
1538 1582
1539 1561
1539 1583
1540 1562
1540 1583
1541 1562
1541 1563
1543 1564
1544 1565
1545 1566
1545 1567
1546 1567
1546 1568
1547 1568
1547 1569
1548 1569
1549 1570
1549 1571
1550 1571
1550 1572
1551 1572
1551 1573
1552 1573
1552 1574
1554 1575
1555 1576
1556 1577
1556 1578
1557 1578
1557 1579
1558 1579
1558 1580
1559 1560
1559 1580
1559 1581
1560 1581
1560 1582
1561 1582
1561 1583
1562 1563
1563 1564
1564 1565
1566 1567
1567 1568
1568 1569
1570 1571
1570 1572
1571 1572
1572 1573
1573 1574
1574 1575
1575 1576
1577 1578
1578 1579
1579 1580
1580 1581
1581 1582
1581 1583
1582 1583
