0 43
0 44
0 1562
1 22
1 112
1 1563
2 91
2 112
2 1564
3 69
3 91
3 135
4 48
4 69
4 1566
5 26
5 1478
5 1567
6 71
6 955
6 1372
7 72
7 1460
7 1525
8 73
8 160
8 226
9 30
9 74
9 1571
10 31
10 75
10 1572
11 32
11 121
11 1573
12 33
12 1552
12 1573
13 1486
13 1487
13 1509
14 35
14 1487
14 1576
15 36
15 1487
15 1577
16 37
16 1534
16 1578
17 82
17 1383
17 1535
18 83
18 1471
18 1536
19 84
19 150
19 237
20 41
20 85
20 1582
21 42
21 86
21 1583
22 44
22 66
23 45
23 91
23 112
24 91
24 112
24 113
25 48
25 69
25 91
26 48
26 1565
27 49
27 1129
27 1546
28 1394
28 1460
28 1547
29 95
29 160
29 1548
30 96
30 248
30 1549
31 53
31 97
32 54
32 208
33 55
33 77
34 1530
34 1552
34 1573
35 57
35 1487
36 58
36 1487
37 59
37 1556
38 60
38 104
38 1557
39 1405
39 1471
39 1558
40 106
40 171
40 1559
41 107
41 259
41 1560
42 64
42 108
43 65
43 87
44 87
44 88
45 66
45 112
46 91
46 112
46 179
47 69
47 91
47 112
48 69
48 1544
49 70
49 934
50 115
50 1416
50 1568
51 116
51 1504
51 1569
52 117
52 204
52 270
53 74
53 118
54 75
54 187
55 76
55 99
56 1530
56 1552
56 1573
57 1487
57 1509
58 79
58 1487
59 80
59 103
60 81
60 1578
61 126
61 1427
61 1579
62 127
62 1515
62 1580
63 128
63 215
63 281
64 85
64 129
65 86
65 130
66 88
66 221
67 89
67 91
67 112
68 69
68 91
68 112
69 91
70 92
70 1521
71 93
71 137
72 1438
72 1504
73 139
73 204
74 140
74 292
75 97
75 753
76 98
76 164
77 142
77 1573
78 1530
78 1551
78 1552
79 101
79 1487
80 102
80 124
81 103
81 125
82 104
82 148
83 1449
83 1515
84 150
84 215
85 151
85 303
86 108
86 152
87 109
87 131
88 131
88 221
89 110
89 112
90 91
90 112
90 178
91 112
92 113
92 1500
93 114
93 137
94 159
94 1460
94 1525
95 160
95 1548
96 161
96 248
96 314
97 162
97 644
98 119
98 143
99 142
99 163
100 142
100 1529
100 1552
101 1487
101 1509
102 123
102 146
103 124
103 147
104 125
104 148
105 170
105 1471
105 1536
106 171
106 1559
107 172
107 259
107 325
108 129
108 173
109 130
109 174
110 132
110 221
111 112
111 156
111 199
112 134
113 135
114 136
114 158
115 137
115 181
116 1482
116 1548
117 183
117 248
118 184
118 336
119 141
119 230
120 142
120 163
120 229
121 142
121 163
122 142
122 144
122 1530
123 145
123 167
124 146
124 168
125 147
125 169
126 148
126 192
127 1493
127 1559
128 194
128 259
129 195
129 347
130 152
130 196
131 153
131 221
132 175
132 221
133 199
133 221
133 222
134 156
134 178
135 156
136 157
136 180
137 158
137 181
138 203
138 1504
138 1569
139 204
139 1570
140 205
140 292
140 358
141 206
141 295
142 163
142 186
143 163
143 229
144 163
144 165
145 166
145 707
146 167
146 190
147 168
147 191
148 169
148 192
149 214
149 1515
149 1580
150 215
150 1581
151 216
151 303
151 369
152 173
152 217
153 174
153 218
154 199
154 200
154 221
155 178
155 199
155 221
156 178
157 179
157 201
158 180
158 202
159 181
159 225
160 1526
161 227
161 292
162 274
162 380
163 185
163 251
164 185
164 229
165 187
165 229
166 188
166 685
166 707
167 189
167 211
168 190
168 212
169 191
169 213
170 192
170 236
171 1537
171 1559
172 238
172 303
173 239
173 391
174 196
174 240
175 197
175 221
176 219
176 221
176 308
177 178
177 199
177 221
178 199
179 200
180 201
180 224
181 202
181 225
182 203
182 247
182 1548
183 204
183 248
184 249
184 336
184 402
185 250
185 317
186 229
186 250
187 229
188 209
188 229
189 210
189 233
190 211
190 234
191 212
191 235
192 213
192 236
193 214
193 258
193 1559
194 215
194 259
195 260
195 347
195 413
196 217
196 261
197 218
197 308
198 199
198 221
198 265
199 221
200 222
201 223
201 245
202 224
202 246
203 225
203 269
204 1570
205 271
205 336
206 382
206 424
207 229
207 250
207 316
208 229
208 250
209 229
209 231
210 232
210 254
210 276
211 233
211 255
212 234
212 256
213 235
213 257
214 236
214 280
215 1581
216 282
216 347
217 283
217 435
218 240
218 308
219 221
219 241
220 221
220 243
220 308
221 242
222 243
223 244
223 267
224 245
224 268
225 246
225 269
226 247
226 291
227 248
227 292
228 293
228 380
228 446
229 273
229 294
230 250
230 447
231 252
231 316
232 253
232 276
233 254
233 277
234 255
234 278
235 256
235 279
236 257
236 280
237 258
237 302
238 259
238 303
239 304
239 391
239 457
240 261
240 305
241 262
241 308
242 286
242 308
243 265
244 266
244 288
245 267
245 289
246 268
246 290
247 269
247 313
249 315
249 579
250 338
250 468
251 316
251 447
252 274
252 381
253 275
253 599
254 276
254 298
254 320
255 277
255 299
256 278
256 300
257 279
257 301
258 280
258 324
260 326
260 391
261 327
261 479
262 284
262 308
263 286
263 308
263 309
264 265
264 286
264 308
265 286
266 287
266 310
267 288
267 311
268 289
268 312
269 290
269 313
270 291
270 335
271 292
271 336
272 337
272 424
272 490
273 447
273 512
274 447
275 296
275 316
276 297
276 320
277 298
277 321
278 299
278 322
279 300
279 323
280 301
280 324
281 302
281 346
282 303
282 347
283 348
283 435
283 501
284 308
284 349
285 306
285 308
285 395
286 307
286 308
287 309
287 350
288 310
288 332
289 311
289 333
290 312
290 334
291 313
291 357
293 359
293 448
294 447
294 512
295 447
295 512
296 318
296 381
297 319
297 341
298 320
298 342
298 364
299 321
299 343
300 322
300 344
301 323
301 345
302 324
302 368
304 370
304 435
305 308
305 523
306 308
306 328
307 308
307 395
308 351
309 330
310 331
310 354
311 332
311 355
312 333
312 356
313 334
313 357
314 335
314 379
315 361
315 380
316 381
316 468
316 534
317 447
317 512
318 339
318 447
319 340
319 363
320 341
320 364
321 342
321 365
322 343
322 366
323 344
323 367
324 345
324 368
325 346
325 390
326 347
326 391
327 392
327 479
327 545
328 393
328 395
329 330
329 352
329 395
330 352
331 353
331 375
332 354
332 376
333 355
333 377
334 356
334 378
335 357
335 401
337 403
337 404
338 447
338 512
339 361
339 512
340 362
340 381
341 363
341 385
342 364
342 386
342 408
343 365
343 387
344 366
344 388
345 367
345 389
346 368
346 412
348 414
348 479
349 395
349 567
350 395
350 461
351 352
351 395
352 394
352 395
353 374
353 416
354 375
354 398
355 376
355 399
356 377
356 400
357 378
357 401
358 379
358 423
359 424
359 535
360 381
360 447
360 512
361 512
362 383
362 447
363 384
363 407
364 385
364 408
365 386
365 409
366 387
366 410
367 388
367 411
368 389
368 412
369 390
369 434
370 391
370 435
371 436
371 523
371 589
372 395
372 437
372 461
373 395
373 439
373 461
374 396
374 460
375 397
375 419
376 398
376 420
377 399
377 421
378 400
378 422
379 401
379 445
381 447
381 491
382 447
382 512
383 405
383 512
384 406
384 428
385 407
385 429
386 408
386 430
386 452
387 409
387 431
388 410
388 432
389 411
389 433
390 412
390 456
392 458
392 523
393 395
393 611
394 395
394 461
395 417
396 439
396 569
397 418
397 441
398 419
398 442
399 420
399 443
400 421
400 444
401 422
401 445
402 426
402 467
403 468
403 556
404 447
404 512
405 470
405 512
406 427
406 447
407 428
407 451
408 429
408 452
409 430
409 453
410 431
410 454
411 432
411 455
412 433
412 456
413 434
413 478
414 435
414 479
415 480
415 567
415 633
416 439
416 461
417 439
417 461
418 440
418 525
419 441
419 463
419 485
420 442
420 464
421 443
421 465
422 444
422 466
423 445
423 489
425 447
425 512
425 534
426 447
426 512
427 449
427 512
428 450
428 472
429 451
429 473
430 452
430 474
430 496
431 453
431 475
432 454
432 476
433 455
433 477
434 456
434 500
436 461
436 502
437 461
437 655
438 439
438 461
438 505
439 461
440 483
440 679
441 462
441 485
442 463
442 486
443 464
443 487
444 465
444 488
445 466
445 489
446 511
446 600
447 512
448 512
448 599
449 512
449 514
450 471
450 515
451 472
451 495
452 473
452 496
453 474
453 497
454 475
454 498
455 476
455 499
456 477
456 500
457 478
457 522
458 479
458 523
459 524
459 611
459 677
460 461
460 505
461 482
461 548
462 484
462 744
463 485
463 507
463 529
464 486
464 508
465 487
465 509
466 488
466 510
467 489
467 513
469 490
469 512
469 599
470 512
470 688
471 493
471 512
472 494
472 516
473 495
473 517
474 496
474 518
474 540
475 497
475 519
476 498
476 520
477 499
477 521
478 500
478 544
480 505
480 546
481 505
481 570
481 699
482 505
482 570
483 504
483 505
484 527
484 635
485 506
485 529
486 507
486 530
487 508
487 531
488 509
488 532
489 510
489 533
490 555
491 512
491 534
492 512
492 557
492 644
493 512
493 558
494 515
494 559
495 516
495 539
496 517
496 540
497 518
497 541
498 519
498 542
499 520
499 543
500 521
500 544
501 522
501 566
502 567
502 961
503 568
503 655
503 721
504 505
504 570
505 526
505 613
506 528
506 964
507 529
507 551
508 530
508 552
509 531
509 553
510 532
510 554
511 533
511 709
513 534
513 599
514 599
514 732
515 537
515 581
516 538
516 560
517 539
517 561
518 540
518 562
518 584
519 541
519 563
520 542
520 564
521 543
521 565
522 544
522 588
524 570
524 590
525 570
525 743
526 549
526 570
527 549
527 723
528 571
528 591
529 550
529 573
530 551
530 574
531 552
531 575
532 553
532 576
533 554
533 687
534 599
534 643
535 599
535 621
536 601
536 688
536 754
537 558
537 602
538 559
538 603
539 560
539 583
540 561
540 584
541 562
541 585
542 563
542 586
543 564
543 587
544 565
544 588
545 566
545 610
546 570
546 611
547 612
547 699
547 765
548 549
548 570
549 570
549 657
550 572
550 876
551 573
551 595
551 617
552 574
552 596
553 575
553 597
554 576
554 666
555 577
555 622
556 599
556 621
557 599
557 623
558 599
558 776
559 581
559 625
560 582
560 604
561 583
561 605
562 584
562 606
562 628
563 585
563 607
564 586
564 608
565 587
565 609
566 588
566 632
568 570
568 634
569 570
569 614
570 592
570 636
571 593
571 767
572 615
572 855
573 594
573 921
574 595
574 618
575 596
575 619
576 597
576 796
577 598
577 730
578 599
578 621
578 642
579 599
579 621
580 645
580 732
580 798
581 602
581 646
582 603
582 647
583 604
583 627
584 605
584 628
585 606
585 629
586 607
586 630
587 608
587 631
588 609
588 632
589 610
589 654
590 614
590 655
591 614
591 656
592 593
592 614
593 614
593 701
594 616
594 899
595 617
595 639
595 661
596 618
596 640
597 619
597 838
598 620
598 752
599 621
600 621
600 642
601 621
601 667
602 668
602 820
603 625
603 669
604 626
604 648
605 627
605 649
606 628
606 650
606 672
607 629
607 651
608 630
608 652
609 631
609 653
610 632
610 676
612 614
612 678
613 614
613 658
614 636
614 680
615 637
615 811
616 659
616 877
617 638
617 900
618 639
618 858
619 640
619 816
620 641
620 773
621 642
621 665
622 642
622 664
623 642
623 688
624 689
624 776
624 842
625 646
625 690
626 647
626 691
627 648
627 671
628 649
628 672
629 650
629 673
630 651
630 674
631 652
631 675
632 653
632 676
633 698
633 961
634 658
634 699
635 637
635 658
636 658
637 658
637 745
638 660
638 878
639 661
639 879
640 662
640 837
641 663
641 795
642 664
642 686
643 664
643 685
644 710
645 711
645 776
646 712
646 864
647 669
647 713
648 670
648 692
649 671
649 693
650 672
650 694
650 716
651 673
651 695
652 674
652 696
653 675
653 697
654 676
654 960
656 658
656 722
657 658
657 702
658 680
658 724
659 681
659 833
660 703
660 856
661 682
661 836
662 683
662 815
663 684
663 794
664 685
664 708
665 685
665 707
666 685
666 731
667 688
667 732
668 733
668 799
668 820
669 690
669 734
670 691
670 735
671 692
671 715
672 693
672 716
673 694
673 717
674 695
674 718
675 696
675 719
676 697
676 960
677 742
677 961
678 702
678 743
679 681
679 702
680 702
681 702
681 789
682 704
682 857
683 705
683 814
684 706
684 772
685 707
685 729
686 706
686 707
687 707
687 1573
689 755
689 820
690 756
690 908
691 713
691 757
692 714
692 736
693 715
693 737
694 716
694 738
694 760
695 717
695 739
696 718
696 740
697 719
697 959
698 720
698 960
700 702
700 746
700 1158
701 702
701 746
702 724
702 768
703 725
703 834
704 747
704 835
705 726
705 793
706 727
706 750
707 728
707 751
708 727
708 1573
709 1572
709 1573
710 731
710 775
711 732
711 776
712 777
712 864
712 930
713 734
713 778
714 735
714 779
715 736
715 759
716 737
716 760
717 738
717 761
718 739
718 762
719 740
719 959
720 741
720 959
721 786
721 960
722 746
722 961
723 725
723 746
724 746
725 746
725 790
726 748
726 770
727 749
727 771
728 748
728 1552
729 1552
729 1573
730 1552
730 1573
731 753
731 797
733 799
733 864
734 800
734 952
735 757
735 801
736 758
736 780
737 759
737 781
738 760
738 782
738 804
739 761
739 783
740 762
740 959
741 763
741 959
742 764
742 961
743 961
744 961
744 984
745 746
745 747
746 768
746 812
747 769
747 813
748 791
748 792
749 1487
749 1509
750 1509
750 1530
751 1552
751 1573
752 1552
752 1573
753 774
753 797
754 775
754 819
755 776
755 820
756 821
756 908
756 974
757 778
757 822
758 779
758 823
759 780
759 803
760 781
760 804
761 980
761 1001
762 783
762 980
763 784
763 959
764 785
764 960
765 961
765 983
766 984
766 1005
766 1114
767 984
767 1006
768 1160
769 1269
769 1291
770 1422
770 1487
771 1487
771 1509
772 1530
772 1552
773 1552
773 1573
774 796
774 1573
775 797
775 841
777 843
777 908
778 844
778 996
779 801
779 1196
780 802
780 1196
781 803
781 1566
782 804
782 980
782 1001
783 805
783 980
784 806
784 959
785 807
785 960
786 808
786 961
787 961
787 984
787 1091
788 1006
788 1028
788 1136
789 1006
789 1094
790 1204
790 1269
791 1335
791 1400
792 1400
792 1422
793 1487
793 1509
794 1509
794 1530
795 1552
795 1573
796 817
796 1573
797 818
797 841
798 819
798 863
799 820
799 864
800 865
800 952
800 1018
801 866
801 1196
802 823
802 1196
803 824
803 1479
804 825
804 1001
805 980
805 1001
806 827
806 959
807 828
807 959
808 960
808 961
809 961
809 984
809 1070
810 984
810 1006
810 1092
811 1006
811 1050
812 1160
812 1204
813 1269
813 1335
814 1487
814 1509
815 1487
815 1509
816 1530
816 1552
817 839
817 1573
818 840
818 862
819 841
819 885
820 886
821 887
821 952
822 888
822 1040
823 845
823 1196
824 846
824 1109
825 847
825 1044
826 848
826 980
826 1001
827 849
827 980
828 959
828 981
829 960
829 982
829 1069
830 961
830 983
830 1048
831 984
831 1006
831 1071
832 1006
832 1050
832 1180
833 1006
833 1050
834 1269
834 1335
835 1335
835 1400
836 1400
836 1487
837 1487
837 1509
838 1509
838 1530
839 860
839 1573
840 861
840 884
841 862
841 885
842 863
842 907
843 864
843 908
844 909
844 996
844 1062
845 910
845 1196
846 867
846 1196
847 868
847 1066
848 869
848 980
849 980
849 1001
850 959
850 981
850 1068
851 959
851 960
851 1047
852 961
852 983
852 1026
853 961
853 984
853 1027
854 1006
854 1050
854 1093
855 1050
855 1094
856 1204
856 1269
857 1335
857 1400
858 1487
858 1509
859 881
859 1487
859 1509
860 882
860 1552
861 883
861 905
862 884
862 906
863 885
863 929
865 931
865 996
866 1084
866 1196
867 889
867 1196
868 890
868 1087
869 891
869 1023
870 980
870 1001
870 1089
871 959
871 981
871 1046
872 959
872 960
872 1025
873 960
873 961
873 1004
874 961
874 984
874 1005
875 1006
875 1028
875 1049
876 1050
876 1094
877 1050
877 1094
878 1269
878 1335
879 1400
879 1422
880 923
880 1400
880 1487
881 902
881 1487
882 1509
882 1530
883 904
883 927
884 905
884 928
885 906
885 929
886 907
886 951
887 908
887 952
888 953
888 1040
888 1106
889 954
889 1196
890 911
890 1109
891 1066
891 1132
892 980
892 1001
892 1045
893 980
893 981
893 1024
894 959
894 981
894 1003
895 960
895 982
895 983
896 961
896 983
896 1005
897 984
897 1006
897 1028
898 1006
898 1050
898 1137
899 1094
899 1116
900 1204
900 1269
901 922
901 1335
901 1400
902 924
902 1487
903 925
903 1487
903 1509
904 926
904 948
905 927
905 949
906 928
906 950
907 929
907 973
909 975
909 1040
910 1128
910 1196
911 933
911 1109
912 1087
912 1088
912 1109
913 1001
913 1023
913 1067
914 980
914 1001
914 1002
915 959
915 981
915 1002
916 959
916 960
916 982
917 960
917 961
917 983
918 961
918 984
918 1005
919 1006
919 1050
919 1072
920 1094
920 1160
920 1246
921 1050
921 1094
922 944
922 1400
923 945
923 1400
924 967
924 1487
925 946
925 1487
926 947
926 970
927 948
927 971
928 949
928 972
929 950
929 973
930 951
930 995
931 952
931 996
932 997
932 1084
932 1150
933 998
933 1109
934 1087
934 1109
935 1023
935 1044
935 1110
936 980
936 1001
936 1023
937 959
937 981
937 1002
938 959
938 982
938 1003
939 960
939 983
939 1004
940 961
940 984
940 1005
941 1006
941 1028
941 1050
942 1050
942 1094
942 1159
943 1008
943 1094
943 1160
944 1009
944 1335
945 966
945 1400
946 968
946 1487
947 969
947 991
947 1013
948 970
948 992
949 971
949 993
950 972
950 994
951 973
951 1017
953 1019
953 1196
954 1109
954 1172
955 1087
955 1109
956 1044
956 1066
956 1087
957 980
957 1001
957 1023
958 980
958 1002
958 1024
959 981
960 982
961 983
962 984
962 1006
962 1028
963 1050
963 1094
963 1116
964 1094
964 1204
965 1050
965 1094
965 1183
966 988
966 1400
967 989
967 1487
968 1011
968 1487
969 990
969 1013
970 991
970 1014
971 992
971 1015
972 993
972 1016
973 994
973 1017
974 995
974 1039
975 996
975 1040
976 1041
976 1128
976 1194
977 1042
977 1109
977 1196
978 1087
978 1109
978 1131
979 1001
979 1023
979 1044
980 1001
981 1002
982 1003
983 1004
984 1005
985 1006
985 1050
985 1072
986 1094
986 1160
986 1203
987 1052
987 1139
987 1204
988 1053
988 1335
989 1010
989 1400
990 1012
990 1034
991 1013
991 1035
991 1057
992 1014
992 1036
993 1015
993 1037
994 1016
994 1038
995 1017
995 1061
997 1063
997 1109
998 1196
998 1216
999 1109
999 1196
999 1197
1000 1023
1000 1044
1000 1066
1001 1023
1002 1024
1003 1025
1004 1026
1005 1027
1006 1028
1007 1050
1007 1094
1007 1160
1008 1074
1008 1204
1009 1094
1009 1227
1010 1032
1010 1400
1011 1033
1011 1487
1012 1055
1012 1056
1013 1034
1013 1057
1014 1035
1014 1058
1015 1036
1015 1059
1016 1037
1016 1060
1017 1038
1017 1061
1018 1039
1018 1083
1019 1084
1019 1196
1020 1085
1020 1172
1020 1238
1021 1109
1021 1175
1021 1196
1022 1066
1022 1087
1022 1109
1023 1044
1024 1045
1025 1046
1026 1047
1027 1048
1028 1049
1029 1050
1029 1094
1029 1116
1030 1094
1030 1115
1030 1204
1031 1096
1031 1183
1031 1204
1032 1097
1032 1400
1033 1054
1033 1400
1034 1056
1034 1078
1035 1057
1035 1079
1035 1101
1036 1058
1036 1080
1037 1059
1037 1081
1038 1060
1038 1082
1039 1061
1039 1105
1041 1107
1041 1196
1042 1154
1042 1196
1043 1087
1043 1109
1043 1174
1044 1066
1045 1067
1046 1068
1047 1069
1048 1070
1049 1071
1050 1072
1051 1094
1051 1181
1051 1204
1052 1118
1052 1204
1053 1094
1053 1271
1054 1076
1054 1400
1055 1077
1055 1099
1056 1099
1056 1100
1057 1078
1057 1101
1058 1079
1058 1102
1059 1080
1059 1103
1060 1081
1060 1104
1061 1082
1061 1105
1062 1083
1062 1127
1063 1128
1063 1196
1064 1216
1064 1282
1064 1437
1065 1109
1065 1174
1065 1196
1066 1087
1067 1088
1068 1089
1069 1090
1070 1091
1071 1092
1072 1093
1073 1094
1073 1116
1073 1160
1074 1139
1074 1204
1075 1140
1075 1227
1075 1293
1076 1141
1076 1400
1077 1098
1077 1142
1078 1100
1078 1122
1079 1101
1079 1123
1079 1145
1080 1102
1080 1124
1081 1103
1081 1125
1082 1104
1082 1126
1083 1105
1083 1149
1085 1151
1085 1196
1086 1153
1086 1196
1086 1261
1087 1109
1088 1110
1089 1111
1090 1112
1090 1134
1091 1113
1092 1114
1093 1115
1094 1116
1095 1160
1095 1204
1095 1247
1096 1162
1096 1204
1097 1315
1097 1400
1098 1120
1098 1164
1099 1121
1099 1143
1100 1143
1100 1144
1101 1122
1101 1145
1102 1123
1102 1146
1103 1124
1103 1147
1104 1125
1104 1148
1105 1126
1105 1149
1106 1127
1106 1171
1107 1172
1107 1196
1108 1196
1108 1241
1108 1261
1109 1174
1110 1131
1111 1132
1111 1155
1112 1133
1112 1156
1113 1134
1113 1157
1114 1135
1115 1136
1116 1137
1117 1160
1117 1204
1117 1225
1118 1183
1118 1204
1119 1184
1119 1204
1119 1337
1120 1141
1120 1185
1121 1142
1121 1186
1122 1144
1122 1166
1123 1145
1123 1167
1123 1189
1124 1146
1124 1168
1125 1147
1125 1169
1126 1148
1126 1170
1127 1149
1127 1193
1129 1196
1129 1261
1130 1196
1130 1261
1130 1327
1131 1153
1132 1154
1133 1155
1133 1177
1134 1156
1134 1178
1135 1157
1135 1179
1136 1158
1137 1159
1138 1160
1138 1204
1138 1225
1139 1224
1140 1206
1140 1269
1141 1207
1141 1400
1142 1164
1142 1208
1143 1165
1143 1187
1144 1187
1144 1188
1145 1166
1145 1189
1146 1167
1146 1190
1147 1168
1147 1191
1148 1169
1148 1192
1149 1170
1149 1193
1150 1196
1150 1215
1151 1196
1151 1216
1152 1196
1152 1261
1152 1305
1153 1218
1154 1175
1155 1176
1155 1199
1156 1177
1156 1200
1157 1178
1157 1201
1158 1179
1159 1180
1160 1181
1161 1204
1161 1225
1161 1269
1162 1227
1162 1269
1163 1228
1163 1315
1163 1381
1164 1185
1164 1229
1165 1186
1165 1230
1166 1188
1166 1210
1167 1189
1167 1211
1167 1233
1168 1190
1168 1212
1169 1191
1169 1213
1170 1192
1170 1214
1171 1193
1171 1196
1173 1196
1173 1261
1173 1262
1174 1392
1175 1197
1176 1198
1176 1220
1177 1199
1177 1221
1178 1200
1178 1222
1178 1244
1179 1201
1179 1223
1180 1202
1181 1203
1182 1204
1182 1225
1182 1269
1184 1250
1184 1269
1185 1251
1185 1403
1186 1208
1186 1252
1187 1209
1187 1231
1188 1231
1188 1232
1189 1210
1189 1233
1190 1211
1190 1234
1191 1212
1191 1235
1192 1213
1192 1236
1193 1214
1193 1237
1194 1196
1194 1259
1195 1196
1195 1261
1195 1306
1196 1261
1196 1348
1197 1262
1198 1219
1198 1263
1199 1220
1199 1243
1200 1221
1200 1244
1201 1222
1201 1245
1202 1223
1202 1246
1203 1224
1204 1225
1205 1268
1205 1269
1205 1335
1206 1269
1206 1271
1207 1272
1207 1359
1208 1229
1208 1273
1209 1230
1209 1274
1210 1232
1210 1254
1211 1233
1211 1255
1211 1277
1212 1234
1212 1256
1213 1235
1213 1257
1214 1236
1214 1258
1215 1237
1215 1261
1217 1261
1217 1327
1217 1392
1218 1304
1218 1436
1219 1241
1219 1285
1220 1242
1220 1264
1221 1243
1221 1265
1222 1244
1222 1266
1222 1288
1223 1245
1223 1267
1224 1246
1225 1247
1226 1269
1226 1291
1226 1335
1228 1269
1228 1294
1229 1295
1229 1447
1230 1252
1230 1296
1231 1253
1231 1275
1232 1275
1232 1276
1233 1254
1233 1277
1234 1255
1234 1278
1235 1256
1235 1279
1236 1257
1236 1280
1237 1258
1237 1261
1238 1261
1238 1303
1239 1261
1239 1327
1239 1349
1240 1305
1240 1392
1240 1458
1241 1306
1242 1263
1242 1307
1243 1264
1243 1287
1244 1265
1244 1288
1245 1266
1245 1289
1246 1267
1247 1268
1248 1269
1248 1291
1248 1335
1249 1269
1249 1290
1249 1335
1250 1315
1250 1335
1251 1316
1251 1403
1251 1469
1252 1273
1252 1317
1253 1274
1253 1318
1254 1276
1254 1298
1255 1277
1255 1299
1255 1321
1256 1278
1256 1300
1257 1279
1257 1301
1258 1280
1258 1302
1259 1261
1259 1281
1260 1261
1260 1327
1260 1393
1261 1283
1261 1327
1262 1480
1263 1285
1263 1329
1264 1286
1264 1308
1265 1287
1265 1309
1266 1288
1266 1310
1267 1289
1267 1311
1268 1290
1269 1291
1270 1291
1270 1312
1270 1335
1271 1335
1272 1338
1272 1425
1273 1339
1273 1491
1274 1296
1274 1340
1275 1297
1275 1319
1276 1319
1276 1320
1277 1298
1277 1321
1278 1299
1278 1322
1279 1300
1279 1323
1280 1301
1280 1324
1281 1302
1281 1327
1282 1327
1282 1392
1283 1327
1283 1392
1284 1349
1284 1436
1284 1502
1285 1306
1285 1350
1286 1307
1286 1351
1287 1308
1287 1331
1288 1309
1288 1332
1289 1310
1289 1333
1290 1311
1291 1292
1291 1312
1292 1335
1292 1400
1293 1335
1293 1358
1294 1335
1294 1359
1295 1360
1295 1447
1295 1513
1296 1317
1296 1361
1297 1318
1297 1362
1298 1320
1298 1342
1299 1321
1299 1343
1299 1365
1300 1322
1300 1344
1301 1323
1301 1345
1302 1324
1302 1327
1303 1325
1303 1327
1304 1327
1304 1392
1305 1371
1306 1524
1307 1329
1307 1373
1308 1330
1308 1352
1309 1331
1309 1353
1310 1332
1310 1354
1311 1333
1311 1355
1312 1334
1313 1335
1313 1356
1313 1400
1314 1334
1314 1335
1314 1400
1316 1382
1316 1447
1317 1383
1317 1535
1318 1340
1318 1384
1319 1341
1319 1363
1320 1363
1320 1364
1321 1342
1321 1365
1322 1343
1322 1366
1323 1344
1323 1367
1324 1345
1324 1368
1325 1327
1325 1346
1326 1327
1326 1392
1326 1415
1327 1392
1328 1393
1328 1480
1328 1546
1329 1350
1329 1394
1330 1351
1330 1395
1331 1352
1331 1375
1332 1353
1332 1376
1333 1354
1333 1377
1334 1355
1335 1356
1335 1357
1336 1356
1336 1378
1336 1400
1337 1400
1337 1402
1338 1359
1338 1403
1339 1404
1339 1491
1339 1557
1340 1361
1340 1405
1341 1362
1341 1406
1342 1364
1342 1386
1343 1365
1343 1387
1343 1409
1344 1366
1344 1388
1345 1367
1345 1389
1346 1368
1346 1479
1347 1369
1347 1459
1347 1479
1348 1392
1348 1479
1349 1415
1350 1416
1350 1568
1351 1373
1351 1417
1352 1374
1352 1396
1353 1375
1353 1397
1354 1376
1354 1398
1355 1377
1355 1380
1356 1378
1356 1423
1357 1400
1357 1422
1358 1400
1358 1422
1359 1400
1360 1426
1360 1491
1361 1427
1361 1579
1362 1384
1362 1428
1363 1385
1363 1407
1364 1407
1364 1408
1365 1386
1365 1409
1366 1387
1366 1410
1367 1388
1367 1411
1368 1389
1368 1479
1369 1390
1369 1479
1370 1371
1370 1392
1370 1479
1371 1436
1372 1437
1372 1524
1373 1394
1373 1438
1374 1395
1374 1439
1375 1396
1375 1419
1376 1397
1376 1420
1377 1398
1377 1421
1378 1399
1379 1400
1379 1422
1379 1443
1380 1400
1380 1422
1381 1400
1381 1446
1382 1403
1382 1447
1383 1448
1383 1535
1384 1405
1384 1449
1385 1406
1385 1450
1386 1408
1386 1430
1387 1409
1387 1431
1387 1453
1388 1410
1388 1432
1389 1411
1389 1433
1390 1412
1390 1479
1391 1392
1391 1479
1391 1502
1393 1459
1394 1460
1395 1417
1395 1461
1396 1418
1396 1440
1397 1419
1397 1441
1398 1420
1398 1442
1399 1401
1399 1421
1400 1422
1401 1422
1401 1487
1402 1422
1402 1424
1404 1470
1404 1535
1405 1471
1406 1428
1406 1472
1407 1429
1407 1451
1408 1451
1408 1452
1409 1430
1409 1453
1410 1431
1410 1454
1411 1432
1411 1455
1412 1433
1412 1479
1413 1479
1413 1566
1413 1567
1414 1458
1414 1479
1414 1523
1415 1480
1416 1481
1416 1568
1417 1438
1417 1482
1418 1439
1418 1483
1419 1440
1419 1463
1420 1441
1420 1464
1421 1442
1421 1467
1422 1443
1422 1444
1423 1443
1423 1487
1424 1445
1424 1487
1425 1446
1425 1490
1426 1447
1426 1491
1427 1492
1427 1579
1428 1449
1428 1493
1429 1450
1429 1494
1430 1452
1430 1474
1431 1453
1431 1475
1431 1497
1432 1454
1432 1476
1433 1455
1433 1479
1434 1456
1434 1479
1434 1546
1435 1458
1435 1479
1435 1545
1437 1503
1438 1504
1439 1461
1439 1505
1440 1462
1440 1484
1441 1463
1441 1485
1442 1464
1442 1554
1443 1465
1443 1510
1444 1487
1444 1509
1445 1487
1445 1509
1446 1468
1446 1487
1448 1514
1448 1579
1449 1515
1450 1472
1450 1516
1451 1473
1451 1495
1452 1495
1452 1496
1453 1474
1453 1497
1454 1475
1454 1498
1455 1476
1455 1566
1456 1477
1456 1479
1457 1479
1457 1523
1457 1566
1458 1479
1458 1523
1459 1524
1460 1525
1461 1482
1461 1526
1462 1483
1462 1527
1463 1484
1463 1507
1464 1485
1464 1508
1465 1486
1465 1488
1466 1487
1466 1509
1466 1530
1467 1487
1467 1509
1468 1487
1468 1489
1469 1490
1469 1534
1470 1491
1470 1535
1471 1536
1472 1493
1472 1537
1473 1494
1473 1538
1474 1496
1474 1518
1475 1497
1475 1519
1475 1541
1476 1498
1476 1520
1477 1499
1477 1566
1478 1479
1478 1566
1479 1501
1481 1547
1481 1568
1482 1548
1483 1505
1483 1549
1484 1506
1484 1528
1485 1507
1485 1529
1486 1508
1487 1509
1487 1531
1488 1509
1488 1530
1489 1509
1489 1511
1490 1512
1490 1556
1492 1558
1492 1579
1493 1559
1494 1516
1494 1560
1495 1517
1495 1539
1496 1539
1496 1540
1497 1518
1497 1541
1498 1519
1498 1542
1499 1520
1499 1566
1500 1545
1500 1566
1501 1545
1501 1566
1502 1567
1503 1524
1503 1568
1504 1569
1505 1526
1505 1570
1506 1527
1506 1571
1507 1528
1507 1551
1508 1529
1508 1575
1509 1530
1509 1553
1510 1530
1510 1552
1511 1530
1511 1532
1512 1533
1512 1556
1513 1534
1513 1578
1514 1535
1514 1579
1515 1580
1516 1537
1516 1581
1517 1538
1517 1582
1518 1540
1518 1562
1519 1541
1519 1542
1519 1563
1520 1542
1520 1566
1521 1543
1521 1566
1522 1523
1522 1545
1522 1566
1523 1545
1525 1547
1526 1548
1527 1549
1527 1571
1528 1550
1528 1572
1529 1551
1530 1552
1530 1574
1531 1552
1531 1573
1532 1552
1532 1573
1533 1555
1533 1577
1534 1556
1534 1578
1536 1558
1537 1559
1538 1560
1538 1582
1539 1561
1539 1583
1540 1562
1540 1583
1541 1562
1541 1563
1542 1563
1542 1566
1543 1564
1543 1566
1544 1545
1544 1566
1545 1566
1547 1568
1549 1570
1550 1571
1550 1572
1551 1572
1552 1573
1553 1572
1553 1573
1554 1573
1554 1575
1555 1576
1555 1577
1556 1577
1556 1578
1557 1578
1558 1579
1560 1581
1561 1582
1561 1583
1562 1583
1563 1564
1563 1583
1564 1566
1565 1566
1565 1567
1569 1570
1570 1571
1571 1572
1572 1573
1574 1575
1574 1576
1575 1576
1575 1577
1576 1577
1577 1578
1578 1579
1580 1581
1581 1582
1582 1583
