0 66
0 88
0 89
1 45
1 66
1 1563
2 23
2 1475
2 1564
3 68
3 1369
3 1521
4 69
4 1457
4 1522
5 70
5 157
5 223
6 27
6 71
6 1568
7 28
7 72
7 1569
8 29
8 118
8 1570
9 30
9 1549
9 1570
10 1483
10 1506
10 1527
11 32
11 1484
11 1573
12 33
12 1484
12 1574
13 34
13 1531
13 1575
14 79
14 1380
14 1532
15 80
15 1468
15 1533
16 81
16 168
16 234
17 38
17 82
17 1579
18 39
18 83
18 1580
19 40
19 63
19 1581
20 41
20 64
20 1582
21 66
21 88
21 1583
22 45
22 66
22 88
23 45
23 1454
24 46
24 90
24 1543
25 1391
25 1457
25 1544
26 92
26 157
26 1545
27 93
27 245
27 1546
28 50
28 94
29 51
29 205
30 52
30 74
31 1527
31 1549
31 1570
32 54
32 1484
33 55
33 1484
34 56
34 1553
35 57
35 101
35 1554
36 1402
36 1468
36 1555
37 103
37 168
37 1556
38 104
38 256
38 1557
39 61
39 105
40 62
40 1580
41 63
41 85
42 64
42 66
42 88
43 66
43 88
43 176
44 45
44 66
44 88
45 66
45 1541
46 67
46 1518
47 112
47 1413
47 1565
48 113
48 1501
48 1566
49 114
49 201
49 267
50 71
50 115
51 72
51 184
52 73
52 96
53 1527
53 1549
53 1570
54 1484
54 1506
55 76
55 1484
56 77
56 100
57 78
57 1575
58 123
58 1424
58 1576
59 124
59 1512
59 1577
60 125
60 212
60 278
61 82
61 126
62 83
62 127
63 84
63 107
64 85
64 240
65 66
65 88
65 154
66 88
67 89
67 1497
68 90
68 134
69 1435
69 1501
70 136
70 201
71 137
71 289
72 94
72 138
73 95
73 161
74 139
74 1570
75 1527
75 1548
75 1549
76 98
76 1484
77 99
77 121
78 100
78 122
79 101
79 145
80 1446
80 1512
81 147
81 212
82 148
82 300
83 105
83 149
84 106
84 128
85 107
85 240
86 88
86 108
86 218
87 88
87 132
87 175
88 131
89 110
90 111
90 134
91 112
91 156
91 1457
92 157
92 1545
93 158
93 245
93 311
94 115
94 159
95 116
95 140
96 139
96 160
97 139
97 1526
97 1549
98 1484
98 1506
99 120
99 143
100 121
100 144
101 122
101 145
102 123
102 167
102 1468
103 168
103 1556
104 169
104 256
104 322
105 126
105 170
106 127
106 171
107 128
107 240
108 129
108 240
109 132
109 175
109 197
110 132
110 1562
111 133
111 155
112 134
112 178
113 1479
113 1545
114 180
114 245
115 181
115 333
116 138
116 227
117 139
117 160
117 226
118 139
118 160
119 139
119 141
119 1527
120 142
120 164
121 143
121 165
122 144
122 166
123 145
123 189
124 1490
124 1556
125 191
125 256
126 192
126 344
127 149
127 193
128 150
128 240
129 151
129 240
130 218
130 240
130 241
131 132
131 175
132 175
133 154
133 177
134 155
134 178
135 156
135 200
135 1501
136 201
136 1567
137 202
137 289
137 355
138 203
138 292
139 160
139 183
140 160
140 226
141 160
141 162
142 163
142 186
143 164
143 187
144 165
144 188
145 166
145 189
146 167
146 211
146 1512
147 212
147 1578
148 213
148 279
148 300
149 170
149 214
150 171
150 215
151 172
151 240
152 218
152 219
152 240
153 175
153 197
153 218
154 176
155 177
155 199
156 178
156 222
157 1523
158 224
158 289
159 271
159 377
160 182
160 248
161 182
161 226
162 184
162 226
163 185
163 207
163 229
164 186
164 208
165 187
165 209
166 188
166 210
167 189
167 233
168 1534
169 235
169 300
170 236
170 388
171 193
171 237
172 194
172 240
173 218
173 240
173 285
174 197
174 218
174 240
175 197
176 219
177 198
177 221
178 199
178 222
179 200
179 244
179 1545
180 245
180 1567
181 246
181 333
181 399
182 247
182 314
183 226
183 247
184 226
185 206
185 226
186 207
186 230
187 208
187 231
188 209
188 232
189 210
189 233
190 211
190 255
190 1556
191 256
191 1578
192 257
192 344
192 410
193 214
193 258
194 215
194 327
195 216
195 240
195 327
196 197
196 218
196 240
197 218
198 220
198 242
199 221
199 243
200 222
200 266
201 1567
202 268
202 333
203 379
203 421
204 226
204 247
204 313
205 226
205 247
206 226
206 228
207 229
207 251
207 273
208 230
208 252
209 231
209 253
210 232
210 254
211 233
211 277
212 1578
213 279
213 344
214 280
214 432
215 237
215 327
216 238
216 240
217 218
217 240
217 284
218 240
219 241
220 263
220 264
221 242
221 265
222 243
222 266
223 244
223 288
224 245
224 289
225 290
225 377
225 443
226 270
226 291
227 247
227 444
228 249
228 313
229 250
229 273
230 251
230 274
231 252
231 275
232 253
232 276
233 254
233 277
234 255
234 299
235 256
235 300
236 301
236 388
236 454
237 258
237 302
238 259
238 327
239 240
239 262
239 327
240 261
241 262
242 264
242 286
243 265
243 287
244 266
244 310
246 312
246 377
247 335
247 465
248 378
248 444
249 271
249 378
250 272
250 294
251 273
251 295
251 317
252 274
252 296
253 275
253 297
254 276
254 298
255 277
255 321
257 323
257 388
258 324
258 476
259 281
259 327
260 305
260 306
260 327
261 305
261 327
262 284
263 285
263 307
264 307
264 308
265 286
265 309
266 287
266 310
267 288
267 332
268 289
268 333
269 334
269 421
269 487
270 444
270 509
271 444
272 293
272 313
273 294
273 317
274 295
274 318
275 296
275 319
276 297
276 320
277 298
277 321
278 299
278 343
279 300
279 344
280 345
280 432
280 498
281 327
281 346
282 303
282 327
282 392
283 284
283 305
283 327
284 305
285 306
286 308
286 330
287 309
287 331
288 310
288 354
290 356
290 445
291 444
291 509
292 444
292 509
293 315
293 378
294 316
294 338
295 317
295 339
295 361
296 318
296 340
297 319
297 341
298 320
298 342
299 321
299 365
300 366
301 367
301 432
302 327
302 520
303 325
303 327
304 305
304 327
304 392
305 327
306 328
307 329
307 351
308 351
308 352
309 330
309 353
310 331
310 354
311 332
311 376
312 358
312 377
313 378
313 465
313 531
314 444
314 509
315 336
315 444
316 337
316 360
317 338
317 361
318 339
318 362
319 340
319 363
320 341
320 364
321 342
321 365
322 343
322 387
323 344
323 388
324 389
324 476
324 542
325 327
325 390
326 327
326 328
326 392
327 348
328 349
329 350
329 373
330 352
330 374
331 353
331 375
332 354
332 398
334 400
334 401
335 444
335 509
336 358
336 509
337 359
337 378
338 360
338 382
339 361
339 383
339 405
340 362
340 384
341 363
341 385
342 364
342 386
343 365
343 409
345 411
345 476
346 392
346 564
347 369
347 392
347 458
348 371
348 392
349 371
349 391
350 372
350 394
351 373
351 395
352 395
352 396
353 374
353 397
354 375
354 398
355 376
355 420
356 421
356 532
357 378
357 444
357 509
358 509
359 380
359 444
360 381
360 404
361 382
361 405
362 383
362 406
363 384
363 407
364 385
364 408
365 386
365 409
366 387
366 431
367 388
367 432
368 433
368 520
368 586
369 392
369 434
370 371
370 392
370 458
371 392
371 501
372 393
372 413
373 394
373 417
374 396
374 418
375 397
375 419
376 398
376 442
378 444
378 488
379 444
379 509
380 402
380 509
381 403
381 425
382 404
382 426
383 405
383 427
383 449
384 406
384 428
385 407
385 429
386 408
386 430
387 409
387 453
389 455
389 520
390 392
390 608
391 392
391 458
392 414
393 415
393 457
394 416
394 438
395 417
395 439
396 439
396 440
397 418
397 441
398 419
398 442
399 423
399 464
400 465
400 553
401 444
401 509
402 467
402 509
403 424
403 444
404 425
404 448
405 426
405 449
406 427
406 450
407 428
407 451
408 429
408 452
409 430
409 453
410 431
410 475
411 432
411 476
412 477
412 564
412 630
413 436
413 458
414 436
414 458
415 436
415 566
416 437
416 460
417 438
417 461
418 440
418 462
419 441
419 463
420 442
420 486
422 444
422 509
422 531
423 509
423 641
424 446
424 509
425 447
425 469
426 448
426 470
427 449
427 471
427 493
428 450
428 472
429 451
429 473
430 452
430 474
431 453
431 497
433 458
433 499
434 458
434 652
435 436
435 458
435 502
436 458
437 459
437 522
438 460
438 482
438 504
439 461
439 483
440 483
440 484
441 462
441 485
442 463
442 486
443 508
443 597
444 509
445 509
445 596
446 509
446 511
447 468
447 512
448 469
448 492
449 470
449 493
450 471
450 494
451 472
451 495
452 473
452 496
453 474
453 497
454 475
454 519
455 476
455 520
456 521
456 608
456 674
457 458
457 502
458 479
458 545
459 480
459 632
460 481
460 504
461 482
461 505
462 484
462 506
463 485
463 507
464 486
464 510
466 487
466 509
466 596
467 509
467 685
468 490
468 509
469 491
469 513
470 492
470 514
471 493
471 515
471 537
472 494
472 516
473 495
473 517
474 496
474 518
475 497
475 541
477 502
477 543
478 502
478 567
478 696
479 502
479 567
480 502
480 676
481 503
481 525
482 504
482 526
482 548
483 505
483 527
484 527
484 528
485 506
485 529
486 507
486 530
487 552
488 509
488 531
489 509
489 554
489 641
490 509
490 555
491 512
491 556
492 513
492 536
493 514
493 537
494 515
494 538
495 516
495 539
496 517
496 540
497 518
497 541
498 519
498 563
499 520
499 564
500 565
500 652
500 718
501 502
501 567
502 523
502 610
503 524
503 588
504 525
504 548
505 526
505 549
506 528
506 550
507 529
507 551
508 530
508 706
510 576
510 596
511 596
511 729
512 534
512 578
513 535
513 557
514 536
514 558
515 537
515 559
515 581
516 538
516 560
517 539
517 561
518 540
518 562
519 541
519 585
521 567
521 587
522 567
522 740
523 546
523 567
524 546
524 720
525 547
525 569
526 548
526 570
527 549
527 571
528 571
528 572
529 550
529 573
530 551
530 684
531 596
531 640
532 596
532 618
533 598
533 685
533 751
534 555
534 599
535 556
535 600
536 557
536 580
537 558
537 581
538 559
538 582
539 560
539 583
540 561
540 584
541 562
541 585
542 563
542 607
543 567
543 608
544 609
544 696
544 762
545 546
545 567
546 567
546 654
547 568
547 591
548 569
548 592
549 570
549 593
550 572
550 594
551 573
551 663
552 574
552 619
553 596
553 618
554 596
554 620
555 596
555 773
556 578
556 622
557 579
557 601
558 580
558 602
559 581
559 603
559 625
560 582
560 604
561 583
561 605
562 584
562 606
563 585
563 629
565 567
565 631
566 567
566 784
567 589
567 633
568 590
568 764
569 591
569 613
570 592
570 614
570 636
571 593
571 615
572 615
572 616
573 594
573 617
574 595
574 727
575 596
575 618
575 639
576 596
576 618
577 642
577 729
577 795
578 599
578 643
579 600
579 644
580 601
580 624
581 602
581 625
582 603
582 626
583 604
583 627
584 605
584 628
585 606
585 629
586 607
586 651
587 611
587 652
588 611
588 653
589 590
589 611
590 611
590 698
591 612
591 635
592 613
592 636
593 614
593 637
594 616
594 638
595 617
595 749
596 618
597 618
597 639
598 618
598 664
599 665
599 817
600 622
600 666
601 623
601 645
602 624
602 646
603 625
603 647
603 669
604 626
604 648
605 627
605 649
606 628
606 650
607 629
607 673
609 611
609 675
610 611
610 655
611 633
611 677
612 634
612 808
613 635
613 657
614 636
614 658
614 680
615 637
615 659
616 659
616 835
617 638
617 770
618 639
618 662
619 639
619 661
620 639
620 685
621 686
621 773
621 839
622 643
622 687
623 644
623 688
624 645
624 668
625 646
625 669
626 647
626 670
627 648
627 671
628 649
628 672
629 650
629 673
630 651
630 695
631 655
631 696
632 655
632 697
633 655
634 655
634 742
635 656
635 874
636 657
636 680
637 658
637 681
638 660
638 792
639 661
639 683
640 661
640 682
641 707
642 708
642 773
643 709
643 861
644 666
644 710
645 667
645 689
646 668
646 690
647 669
647 691
647 713
648 670
648 692
649 671
649 693
650 672
650 694
651 673
651 717
653 655
653 719
654 655
654 699
655 677
655 721
656 678
656 830
657 679
657 875
658 680
658 876
659 681
659 856
660 703
660 813
661 682
661 705
662 682
662 704
663 682
663 728
664 685
664 729
665 730
665 817
665 883
666 687
666 731
667 688
667 732
668 689
668 712
669 690
669 713
670 691
670 714
671 692
671 715
672 693
672 716
673 694
673 717
674 695
674 739
675 699
675 740
676 699
676 741
677 699
678 699
678 786
679 700
679 853
680 701
680 855
681 702
681 834
682 704
682 726
683 703
683 704
684 704
684 706
686 752
686 817
687 753
687 905
688 710
688 754
689 711
689 733
690 712
690 734
691 713
691 735
691 757
692 714
692 736
693 715
693 737
694 716
694 738
695 717
695 761
697 699
697 763
698 699
698 743
699 721
699 765
700 722
700 831
701 723
701 854
702 724
702 833
703 725
703 791
704 747
704 748
705 725
705 746
706 727
706 750
707 728
707 772
708 729
708 773
709 774
709 861
709 927
710 731
710 775
711 732
711 776
712 733
712 756
713 734
713 757
714 735
714 758
715 736
715 759
716 737
716 760
717 738
717 956
718 783
718 957
719 743
719 958
720 722
720 743
721 743
722 743
722 787
723 744
723 832
724 745
724 812
725 746
725 769
726 746
726 748
727 749
727 771
728 750
728 794
730 796
730 861
731 797
731 949
732 754
732 798
733 755
733 777
734 756
734 778
735 757
735 779
735 801
736 758
736 780
737 759
737 956
738 760
738 956
739 761
739 958
740 806
741 807
741 981
742 743
742 744
743 765
743 809
744 766
744 810
745 767
745 789
746 768
746 790
747 767
747 769
748 791
748 792
749 770
749 793
750 771
750 794
751 772
751 816
752 773
752 817
753 818
753 905
753 971
754 775
754 819
755 776
755 820
756 777
756 800
757 778
757 801
758 779
758 977
759 780
759 977
760 781
760 956
761 782
761 957
762 958
762 981
763 981
763 1002
764 981
764 1003
765 767
766 767
766 787
767 788
767 811
768 789
768 812
769 790
769 813
770 792
770 814
771 793
771 815
772 794
772 838
774 840
774 905
775 841
775 993
776 798
776 842
777 799
777 821
778 800
778 822
779 801
779 977
779 998
780 802
780 977
781 803
781 956
782 804
782 957
783 805
783 958
784 958
784 981
785 851
785 1003
785 1025
786 1003
786 1004
787 809
787 853
788 810
788 832
789 811
789 833
790 812
790 834
791 813
791 835
792 835
792 836
793 814
793 837
794 815
794 838
795 816
795 860
796 817
796 861
797 862
797 949
797 1015
798 819
798 863
799 820
799 864
800 821
800 844
801 822
801 998
802 977
802 998
803 824
803 956
804 825
804 956
805 957
805 958
806 958
806 981
807 981
807 1003
808 1003
808 1047
809 830
809 874
810 831
810 875
811 832
811 855
812 833
812 856
813 834
813 857
814 836
814 858
815 837
815 859
816 838
816 882
818 884
818 949
819 885
819 1037
820 842
820 886
821 843
821 865
822 844
822 1041
823 845
823 977
823 998
824 846
824 977
825 956
825 978
826 957
826 979
826 1066
827 958
827 980
827 1045
828 981
828 1003
828 1068
829 895
829 1003
829 1047
830 1003
830 1047
831 853
831 897
832 854
832 876
833 855
833 877
834 856
834 878
835 857
835 879
836 879
836 880
837 858
837 881
838 859
838 882
839 860
839 904
840 861
840 905
841 906
841 972
841 993
842 863
842 907
843 864
843 908
844 865
844 1063
845 866
845 977
846 977
846 998
847 956
847 978
847 1065
848 956
848 957
848 1044
849 958
849 980
849 1023
850 958
850 981
850 1024
851 1003
851 1090
852 917
852 1047
852 1091
853 874
853 918
854 875
854 919
855 876
855 899
856 877
856 900
857 878
857 901
858 880
858 902
859 881
859 903
860 882
860 926
862 928
862 993
863 929
863 1081
864 886
864 930
865 887
865 1084
866 888
866 1020
867 977
867 998
867 1086
868 956
868 978
868 1043
869 956
869 957
869 1022
870 957
870 958
870 1001
871 958
871 981
871 1002
872 1003
872 1025
872 1046
873 939
873 1047
873 1091
874 1047
874 1091
875 897
875 941
876 898
876 920
877 899
877 921
877 943
878 900
878 922
878 944
879 901
879 923
880 923
880 924
881 902
881 925
882 903
882 926
883 904
883 948
884 905
884 949
885 950
885 1037
885 1103
886 907
886 951
887 908
887 1106
888 909
888 1063
889 977
889 998
889 1042
890 977
890 978
890 1021
891 956
891 978
891 1000
892 957
892 979
892 980
893 958
893 980
893 1002
894 981
894 1003
894 1025
895 1047
895 1134
896 961
896 1091
896 1113
897 918
897 962
897 984
898 919
898 942
898 963
899 920
899 943
900 921
900 944
901 922
901 945
902 924
902 946
903 925
903 947
904 926
904 970
906 972
906 1037
907 973
907 1125
908 930
908 1106
909 1085
909 1106
910 998
910 1020
910 1064
911 977
911 998
911 999
912 956
912 978
912 999
913 956
913 957
913 979
914 957
914 958
914 980
915 958
915 981
915 1002
916 1003
916 1047
916 1069
917 983
917 1091
918 984
918 1091
918 1136
919 941
919 985
920 942
920 964
921 943
921 965
922 944
922 966
922 988
923 945
923 967
924 967
924 968
925 946
925 969
926 947
926 970
927 948
927 992
928 949
928 993
929 994
929 1081
929 1147
930 995
930 1106
931 952
931 1084
931 1106
932 1020
932 1041
932 1107
933 977
933 998
933 1020
934 956
934 978
934 999
935 956
935 979
935 1000
936 957
936 980
936 1001
937 958
937 981
937 1002
938 981
938 1003
938 1025
939 1091
939 1156
940 1005
940 1091
940 1157
941 962
941 1006
942 963
942 1007
943 964
943 987
944 965
944 988
945 966
945 989
946 968
946 990
947 969
947 991
948 970
948 1014
950 1016
950 1081
951 1106
951 1169
952 974
952 1106
953 1041
953 1063
953 1084
954 977
954 998
954 1020
955 977
955 999
955 1021
956 978
957 979
958 980
959 981
959 1003
959 1025
960 1047
960 1091
960 1113
961 1027
961 1201
962 1091
962 1180
963 985
963 1029
964 986
964 1008
965 987
965 1009
966 988
966 1010
966 1032
967 989
967 1011
968 1011
968 1012
969 990
969 1013
970 991
970 1014
971 992
971 1036
972 993
972 1037
973 1038
973 1125
973 1191
974 1039
974 1106
975 1084
975 1106
975 1128
976 998
976 1020
976 1041
977 998
978 999
979 1000
980 1001
981 1002
982 1003
982 1047
982 1069
983 1091
983 1200
984 1049
984 1201
985 1006
985 1050
986 1007
986 1051
987 1008
987 1031
988 1009
988 1032
989 1010
989 1033
990 1012
990 1034
991 1013
991 1035
992 1014
992 1058
993 1059
994 1060
994 1106
995 1106
995 1213
996 1084
996 1106
996 1194
997 1020
997 1041
997 1063
998 1020
999 1021
1000 1022
1001 1023
1002 1024
1003 1025
1004 1047
1004 1091
1004 1157
1005 1071
1005 1201
1006 1091
1006 1224
1007 1029
1007 1073
1008 1030
1008 1052
1009 1031
1009 1053
1010 1032
1010 1054
1010 1076
1011 1033
1011 1055
1012 1055
1012 1056
1013 1034
1013 1057
1014 1035
1014 1058
1015 1036
1015 1080
1016 1037
1016 1081
1017 1082
1017 1169
1017 1235
1018 1106
1018 1171
1018 1172
1019 1063
1019 1084
1019 1106
1020 1041
1021 1042
1022 1043
1023 1044
1024 1045
1025 1046
1026 1047
1026 1091
1026 1113
1027 1112
1027 1201
1028 1093
1028 1180
1028 1201
1029 1050
1029 1094
1030 1051
1030 1095
1031 1052
1031 1075
1032 1053
1032 1076
1033 1054
1033 1077
1034 1056
1034 1078
1035 1057
1035 1079
1036 1058
1036 1102
1038 1104
1038 1106
1039 1151
1039 1258
1040 1084
1040 1106
1040 1171
1041 1063
1042 1064
1043 1065
1044 1066
1045 1067
1046 1068
1047 1069
1048 1091
1048 1178
1048 1201
1049 1115
1049 1201
1050 1091
1050 1268
1051 1073
1051 1117
1052 1074
1052 1096
1053 1075
1053 1097
1054 1076
1054 1098
1054 1120
1055 1077
1055 1099
1056 1099
1056 1100
1057 1078
1057 1101
1058 1079
1058 1102
1059 1080
1059 1124
1060 1106
1060 1125
1061 1126
1061 1213
1061 1279
1062 1106
1062 1150
1062 1258
1063 1084
1064 1085
1065 1086
1066 1087
1067 1088
1067 1111
1068 1089
1069 1090
1070 1091
1070 1113
1070 1157
1071 1136
1071 1201
1072 1137
1072 1224
1072 1290
1073 1094
1073 1138
1074 1095
1074 1139
1075 1096
1075 1119
1076 1097
1076 1120
1077 1098
1077 1121
1078 1100
1078 1122
1079 1101
1079 1123
1080 1102
1080 1146
1082 1148
1082 1258
1083 1106
1083 1215
1083 1258
1084 1106
1085 1107
1086 1108
1087 1109
1087 1131
1088 1110
1088 1132
1089 1111
1089 1133
1090 1112
1091 1113
1092 1157
1092 1201
1092 1244
1093 1159
1093 1201
1094 1160
1094 1312
1095 1117
1095 1161
1096 1118
1096 1140
1097 1119
1097 1141
1098 1120
1098 1142
1098 1164
1099 1121
1099 1143
1100 1143
1100 1144
1101 1122
1101 1145
1102 1123
1102 1146
1103 1124
1103 1168
1104 1169
1104 1258
1105 1238
1105 1258
1105 1324
1106 1171
1107 1128
1108 1129
1108 1152
1109 1130
1109 1153
1110 1131
1110 1154
1111 1132
1111 1155
1112 1133
1113 1134
1114 1157
1114 1201
1114 1222
1115 1180
1115 1201
1116 1181
1116 1268
1116 1334
1117 1138
1117 1182
1118 1139
1118 1183
1119 1140
1119 1163
1120 1141
1120 1164
1121 1142
1121 1165
1122 1144
1122 1166
1123 1145
1123 1167
1124 1146
1124 1190
1126 1192
1126 1258
1127 1171
1127 1258
1127 1324
1128 1150
1129 1151
1129 1173
1130 1152
1130 1174
1131 1153
1131 1175
1132 1154
1132 1176
1133 1155
1133 1177
1134 1156
1135 1157
1135 1201
1135 1222
1136 1221
1137 1203
1137 1266
1138 1204
1138 1356
1139 1161
1139 1205
1140 1162
1140 1184
1141 1163
1141 1185
1142 1164
1142 1186
1142 1208
1143 1165
1143 1187
1144 1187
1144 1188
1145 1166
1145 1189
1146 1167
1146 1190
1147 1212
1147 1258
1148 1213
1148 1258
1149 1258
1149 1324
1149 1368
1150 1215
1151 1172
1152 1173
1152 1196
1153 1174
1153 1197
1154 1175
1154 1198
1155 1176
1155 1199
1156 1177
1157 1178
1158 1201
1158 1222
1158 1266
1159 1201
1159 1224
1160 1225
1160 1312
1160 1378
1161 1182
1161 1226
1162 1183
1162 1227
1163 1184
1163 1207
1164 1185
1164 1208
1165 1186
1165 1209
1166 1188
1166 1210
1167 1189
1167 1211
1168 1190
1168 1234
1170 1258
1170 1259
1170 1324
1171 1280
1171 1389
1172 1194
1173 1195
1173 1217
1174 1196
1174 1218
1175 1197
1175 1219
1176 1198
1176 1220
1177 1199
1177 1221
1178 1200
1179 1201
1179 1222
1179 1266
1181 1247
1181 1266
1182 1248
1182 1400
1183 1205
1183 1249
1184 1206
1184 1228
1185 1207
1185 1229
1186 1208
1186 1230
1186 1252
1187 1209
1187 1231
1188 1231
1188 1232
1189 1210
1189 1233
1190 1211
1190 1234
1191 1256
1191 1258
1192 1216
1192 1258
1193 1258
1193 1324
1193 1389
1194 1259
1195 1216
1195 1260
1196 1217
1196 1240
1197 1218
1197 1241
1198 1219
1198 1242
1199 1220
1199 1243
1200 1221
1201 1222
1202 1265
1202 1266
1202 1332
1203 1266
1203 1268
1204 1269
1204 1356
1204 1422
1205 1226
1205 1270
1206 1227
1206 1271
1207 1228
1207 1251
1208 1229
1208 1252
1209 1230
1209 1253
1210 1232
1210 1254
1211 1233
1211 1255
1212 1234
1212 1258
1214 1258
1214 1302
1214 1324
1215 1433
1216 1238
1217 1239
1217 1261
1218 1240
1218 1262
1219 1241
1219 1263
1219 1285
1220 1242
1220 1264
1221 1243
1222 1244
1223 1266
1223 1288
1223 1332
1225 1266
1225 1291
1226 1292
1226 1444
1227 1249
1227 1293
1228 1250
1228 1272
1229 1251
1229 1273
1230 1252
1230 1274
1230 1296
1231 1253
1231 1275
1232 1275
1232 1276
1233 1254
1233 1277
1234 1255
1234 1258
1235 1258
1235 1300
1236 1258
1236 1324
1236 1346
1237 1302
1237 1389
1237 1455
1238 1303
1239 1260
1239 1304
1240 1261
1240 1284
1241 1262
1241 1285
1242 1263
1242 1286
1243 1264
1243 1287
1244 1265
1245 1266
1245 1288
1245 1332
1246 1266
1246 1287
1246 1332
1247 1312
1247 1332
1248 1313
1248 1400
1248 1466
1249 1270
1249 1314
1250 1271
1250 1315
1251 1272
1251 1295
1252 1273
1252 1296
1253 1274
1253 1297
1254 1276
1254 1298
1255 1277
1255 1299
1256 1258
1256 1278
1257 1258
1257 1303
1257 1324
1258 1324
1258 1345
1259 1477
1260 1282
1260 1326
1261 1283
1261 1305
1262 1284
1262 1306
1263 1285
1263 1307
1263 1329
1264 1286
1264 1308
1265 1287
1266 1288
1267 1288
1267 1309
1267 1332
1269 1335
1269 1400
1270 1336
1270 1488
1271 1293
1271 1337
1272 1294
1272 1316
1273 1295
1273 1317
1274 1296
1274 1318
1274 1340
1275 1297
1275 1319
1276 1319
1276 1320
1277 1298
1277 1321
1278 1299
1278 1324
1279 1324
1279 1389
1280 1324
1280 1389
1281 1346
1281 1433
1281 1499
1282 1303
1282 1347
1283 1304
1283 1348
1284 1305
1284 1328
1285 1306
1285 1329
1286 1307
1286 1330
1287 1308
1288 1289
1288 1309
1289 1332
1289 1397
1290 1332
1290 1355
1291 1332
1291 1356
1292 1357
1292 1444
1292 1510
1293 1314
1293 1358
1294 1315
1294 1359
1295 1316
1295 1339
1296 1317
1296 1340
1297 1318
1297 1341
1298 1320
1298 1342
1299 1321
1299 1324
1300 1322
1300 1324
1301 1324
1301 1389
1301 1499
1302 1368
1303 1521
1304 1326
1304 1370
1305 1327
1305 1349
1306 1328
1306 1350
1307 1329
1307 1351
1308 1330
1308 1352
1309 1331
1310 1332
1310 1353
1310 1397
1311 1331
1311 1332
1311 1397
1313 1379
1313 1444
1314 1380
1314 1532
1315 1337
1315 1381
1316 1338
1316 1360
1317 1339
1317 1361
1318 1340
1318 1362
1318 1384
1319 1341
1319 1363
1320 1363
1320 1364
1321 1342
1321 1365
1322 1324
1322 1343
1323 1324
1323 1389
1323 1390
1324 1389
1325 1390
1325 1477
1325 1543
1326 1347
1326 1391
1327 1348
1327 1392
1328 1349
1328 1372
1329 1350
1329 1373
1330 1351
1330 1374
1331 1352
1332 1353
1332 1354
1333 1353
1333 1375
1333 1397
1334 1397
1334 1399
1335 1356
1335 1400
1336 1401
1336 1488
1336 1554
1337 1358
1337 1402
1338 1359
1338 1403
1339 1360
1339 1383
1340 1361
1340 1384
1341 1362
1341 1385
1342 1364
1342 1386
1343 1365
1343 1476
1344 1366
1344 1456
1344 1476
1345 1389
1345 1476
1346 1412
1347 1413
1347 1565
1348 1370
1348 1414
1349 1371
1349 1393
1350 1372
1350 1394
1351 1373
1351 1395
1352 1374
1352 1377
1353 1375
1353 1420
1354 1397
1354 1419
1355 1397
1355 1419
1356 1397
1357 1423
1357 1488
1358 1424
1358 1576
1359 1381
1359 1425
1360 1382
1360 1404
1361 1383
1361 1405
1362 1384
1362 1406
1362 1428
1363 1385
1363 1407
1364 1407
1364 1408
1365 1386
1365 1476
1366 1387
1366 1476
1367 1389
1367 1476
1367 1520
1368 1433
1369 1434
1369 1521
1370 1391
1370 1435
1371 1392
1371 1436
1372 1393
1372 1416
1373 1394
1373 1417
1374 1395
1374 1418
1375 1396
1376 1397
1376 1419
1376 1440
1377 1397
1377 1419
1378 1397
1378 1443
1379 1400
1379 1444
1380 1445
1380 1532
1381 1402
1381 1446
1382 1403
1382 1447
1383 1404
1383 1427
1384 1405
1384 1428
1385 1406
1385 1429
1386 1408
1386 1430
1387 1409
1387 1476
1388 1389
1388 1412
1388 1476
1390 1456
1391 1457
1392 1414
1392 1458
1393 1415
1393 1437
1394 1416
1394 1438
1395 1417
1395 1439
1396 1398
1396 1418
1397 1419
1398 1419
1398 1484
1399 1419
1399 1421
1401 1467
1401 1532
1402 1468
1403 1425
1403 1469
1404 1426
1404 1448
1405 1427
1405 1449
1406 1428
1406 1450
1406 1472
1407 1429
1407 1451
1408 1451
1408 1452
1409 1430
1409 1476
1410 1455
1410 1476
1410 1564
1411 1455
1411 1476
1411 1520
1412 1477
1413 1478
1413 1565
1414 1435
1414 1479
1415 1436
1415 1480
1416 1437
1416 1460
1417 1438
1417 1461
1418 1439
1418 1464
1419 1440
1419 1441
1420 1440
1420 1484
1421 1442
1421 1484
1422 1443
1422 1487
1423 1444
1423 1488
1424 1489
1424 1576
1425 1446
1425 1490
1426 1447
1426 1491
1427 1448
1427 1471
1428 1449
1428 1472
1429 1450
1429 1473
1430 1452
1430 1476
1431 1453
1431 1476
1431 1543
1432 1455
1432 1476
1432 1542
1434 1500
1434 1565
1435 1501
1436 1458
1436 1502
1437 1459
1437 1481
1438 1460
1438 1482
1439 1461
1439 1551
1440 1462
1440 1507
1441 1484
1441 1506
1442 1484
1442 1506
1443 1465
1443 1484
1445 1511
1445 1576
1446 1512
1447 1469
1447 1513
1448 1470
1448 1492
1449 1471
1449 1493
1450 1472
1450 1494
1450 1516
1451 1473
1451 1495
1452 1495
1452 1563
1453 1474
1453 1476
1454 1476
1454 1563
1455 1476
1455 1520
1456 1521
1457 1522
1458 1479
1458 1523
1459 1480
1459 1524
1460 1481
1460 1504
1461 1482
1461 1505
1462 1483
1462 1485
1463 1484
1463 1506
1463 1527
1464 1484
1464 1506
1465 1484
1465 1486
1466 1487
1466 1531
1467 1488
1467 1532
1468 1533
1469 1490
1469 1534
1470 1491
1470 1535
1471 1492
1471 1515
1472 1493
1472 1516
1473 1494
1473 1517
1474 1496
1474 1563
1475 1476
1475 1563
1476 1498
1478 1544
1478 1565
1479 1545
1480 1502
1480 1546
1481 1503
1481 1525
1482 1504
1482 1526
1483 1505
1484 1506
1484 1528
1485 1506
1485 1527
1486 1506
1486 1508
1487 1509
1487 1553
1489 1555
1489 1576
1490 1556
1491 1513
1491 1557
1492 1514
1492 1536
1493 1515
1493 1537
1494 1516
1494 1538
1494 1560
1495 1517
1495 1539
1496 1539
1496 1563
1497 1542
1497 1563
1498 1542
1498 1563
1499 1564
1500 1521
1500 1565
1501 1566
1502 1523
1502 1567
1503 1524
1503 1568
1504 1525
1504 1548
1505 1526
1505 1572
1506 1527
1506 1550
1507 1527
1507 1549
1508 1527
1508 1529
1509 1530
1509 1553
1510 1531
1510 1575
1511 1532
1511 1576
1512 1577
1513 1534
1513 1578
1514 1535
1514 1579
1515 1536
1515 1559
1516 1537
1516 1560
1517 1538
1517 1561
1518 1540
1518 1563
1519 1520
1519 1542
1519 1563
1520 1542
1522 1544
1523 1545
1524 1546
1524 1568
1525 1547
1525 1569
1526 1548
1527 1549
1527 1571
1528 1549
1528 1570
1529 1549
1529 1570
1530 1552
1530 1574
1531 1553
1531 1575
1533 1555
1534 1556
1535 1557
1535 1579
1536 1558
1536 1580
1537 1559
1537 1581
1538 1560
1538 1561
1538 1582
1539 1561
1539 1563
1540 1563
1540 1583
1541 1542
1541 1563
1542 1563
1544 1565
1546 1567
1547 1568
1547 1569
1548 1569
1549 1570
1550 1569
1550 1570
1551 1570
1551 1572
1552 1573
1552 1574
1553 1574
1553 1575
1554 1575
1555 1576
1557 1578
1558 1579
1558 1580
1559 1580
1559 1581
1560 1581
1560 1582
1561 1563
1561 1582
1562 1563
1562 1564
1566 1567
1567 1568
1568 1569
1569 1570
1571 1572
1571 1573
1572 1573
1572 1574
1573 1574
1574 1575
1575 1576
1577 1578
1578 1579
1579 1580
1580 1581
1581 1582
1582 1583
