0 87
0 1453
0 1518
1 66
1 241
1 1519
2 23
2 67
2 1564
3 24
3 68
3 1565
4 25
4 1544
4 1566
5 26
5 138
5 1567
6 29
6 138
6 1568
7 8
7 29
7 95
8 29
8 1548
8 1570
9 30
9 1438
9 1571
10 75
10 1376
10 1528
11 76
11 1464
11 1529
12 77
12 230
12 1530
13 34
13 78
13 1575
14 35
14 79
14 1576
15 36
15 60
15 1577
16 1534
16 1556
16 1577
17 1533
17 1534
17 1556
18 39
18 1534
18 1580
19 40
19 63
19 1581
20 41
20 1538
20 1582
21 86
21 1365
21 1539
22 88
22 175
22 1541
23 89
23 263
24 46
24 90
25 47
25 1565
26 48
26 138
27 49
27 116
27 138
28 29
28 73
28 116
29 51
29 1569
30 52
30 1525
31 53
31 97
31 1550
32 98
32 1485
32 1551
33 99
33 164
33 1552
34 100
34 252
35 57
35 101
36 58
36 147
37 59
37 1556
37 1577
38 1512
38 1534
38 1556
39 61
39 1534
40 62
40 84
41 63
41 1560
42 64
42 108
42 1561
43 109
43 1474
43 1540
44 131
44 1497
44 1562
45 110
45 285
45 1563
46 67
46 111
47 68
47 112
48 69
48 92
49 70
49 138
50 116
50 138
50 160
51 95
51 116
52 73
52 1504
53 74
53 981
54 119
54 1420
54 1572
55 120
55 1508
55 1573
56 121
56 274
56 1574
57 78
57 122
58 79
58 234
59 80
59 103
60 1556
60 1577
61 1534
61 1556
62 83
62 1534
63 84
63 107
64 85
64 1582
65 130
65 1409
65 1583
66 132
66 219
67 133
67 307
68 90
68 134
69 91
69 113
70 92
70 138
71 116
71 138
71 139
72 95
72 116
72 138
73 95
74 96
74 959
75 97
75 141
76 142
76 1529
77 143
77 208
78 144
78 296
79 101
79 212
80 102
80 124
81 102
81 1556
81 1577
82 104
82 1534
82 1556
83 105
83 1534
84 106
84 128
85 107
85 129
86 108
86 152
87 153
87 1518
88 175
88 1541
89 154
89 329
90 111
90 155
91 112
91 156
92 113
92 246
93 116
93 138
93 204
94 95
94 116
94 138
95 116
96 117
96 1568
97 118
97 162
98 163
98 1464
99 164
99 1552
100 165
100 318
101 122
101 691
102 123
102 190
103 167
103 1577
104 1556
104 1576
105 1534
105 1556
106 127
106 150
107 128
107 151
108 129
108 173
109 174
109 1453
110 176
110 263
111 177
111 351
112 134
112 178
113 135
113 246
114 136
114 138
114 246
115 116
115 138
115 203
116 138
117 139
117 1547
118 140
118 162
119 141
119 185
120 186
120 1573
121 187
121 252
122 188
122 670
123 145
123 168
124 167
124 189
125 167
125 1555
125 1577
126 148
126 1534
126 1556
127 149
127 171
128 150
128 172
129 151
129 173
130 152
130 196
131 197
131 1562
132 219
132 285
133 198
133 373
134 155
134 199
135 156
135 246
136 157
136 246
137 138
137 182
137 225
138 159
139 160
140 161
140 184
141 162
141 206
142 207
142 1508
143 208
143 274
144 209
144 362
145 166
145 255
146 167
146 189
146 254
147 167
147 189
148 167
148 169
149 170
149 193
150 171
150 194
151 172
151 195
152 173
152 217
153 218
153 1497
154 220
154 307
155 221
155 395
156 178
156 222
157 179
157 246
158 225
158 246
158 247
159 182
159 203
160 182
161 183
161 205
162 184
162 206
163 185
163 229
164 230
164 1552
165 231
165 296
166 232
166 321
167 189
167 211
168 189
168 254
169 189
169 191
170 192
170 193
170 214
171 193
171 215
172 194
172 216
173 195
173 217
174 196
174 240
175 241
175 1541
176 263
176 329
177 242
177 417
178 199
178 243
179 200
179 246
180 225
180 226
180 246
181 203
181 225
181 246
182 203
183 204
183 227
184 205
184 228
185 206
185 250
186 251
186 1552
187 252
187 318
188 253
188 406
189 210
189 277
190 210
190 254
191 212
191 254
192 213
192 689
193 214
193 237
194 215
194 238
195 216
195 239
196 217
196 261
197 262
197 1541
198 264
198 351
199 265
199 439
200 222
200 333
201 223
201 246
201 333
202 203
202 225
202 246
203 225
204 226
205 227
205 249
206 228
206 250
207 229
207 273
208 230
208 274
209 275
209 604
210 276
210 342
211 254
211 276
212 254
213 235
213 254
214 236
214 237
214 258
215 237
215 259
216 238
216 260
217 239
217 261
218 240
218 284
219 241
219 285
220 307
220 373
221 286
221 461
222 243
222 333
223 244
223 246
224 225
224 246
224 290
225 246
226 247
227 248
227 271
228 249
228 272
229 250
229 294
230 295
231 296
231 362
232 297
232 450
233 254
233 276
233 472
234 254
234 407
235 254
235 256
236 257
236 280
237 258
237 281
238 259
238 282
239 260
239 283
240 261
240 305
241 306
242 308
242 395
243 309
243 483
244 266
244 333
245 246
245 269
245 333
246 268
247 269
248 270
248 292
249 271
249 293
250 272
250 294
251 273
251 317
252 274
252 318
253 319
253 386
254 298
254 320
255 407
255 472
256 278
256 341
257 279
257 301
258 280
258 281
258 302
259 281
259 303
260 282
260 304
261 283
261 305
262 284
262 328
263 285
263 329
264 351
264 417
265 330
265 505
266 287
266 333
267 312
267 313
267 333
268 312
268 333
269 290
270 291
270 314
271 292
271 315
272 293
272 316
273 294
273 338
274 339
275 299
275 340
276 341
276 494
277 407
277 472
278 299
278 407
279 300
279 646
280 301
280 324
281 302
281 325
282 303
282 326
283 304
283 327
284 305
284 349
285 350
286 352
286 439
287 333
287 353
288 310
288 333
288 399
289 290
289 312
289 333
290 312
291 313
291 335
292 314
292 336
293 315
293 337
294 316
294 338
295 317
295 361
296 318
296 362
297 363
297 495
298 472
298 538
299 472
300 322
300 341
301 323
301 345
302 324
302 325
302 346
303 325
303 347
304 326
304 348
305 327
305 349
306 328
306 372
307 329
307 373
308 395
308 461
309 374
309 549
310 331
310 333
311 312
311 333
311 399
312 333
313 334
314 335
314 358
315 336
315 359
316 337
316 360
317 338
317 382
318 383
319 384
319 408
320 472
320 538
321 472
321 538
322 343
322 407
323 344
323 367
324 345
324 368
325 346
325 369
326 347
326 370
327 348
327 371
328 349
328 393
329 394
330 396
330 483
331 333
331 397
332 333
332 334
332 399
333 355
334 356
335 357
335 379
336 358
336 380
337 359
337 381
338 360
338 382
339 361
339 405
340 406
340 473
341 364
341 407
342 472
342 538
343 365
343 472
344 366
344 388
345 367
345 389
346 368
346 369
346 390
347 369
347 391
348 370
348 392
349 371
349 393
350 372
350 416
351 373
351 417
352 439
352 505
353 418
353 593
354 375
354 399
354 464
355 377
355 399
356 377
356 398
357 378
357 401
358 379
358 402
359 380
359 403
360 381
360 404
361 382
361 426
362 427
363 428
363 429
364 472
364 538
365 386
365 538
366 387
366 407
367 388
367 411
368 389
368 412
369 390
369 413
370 391
370 414
371 392
371 415
372 393
372 437
373 438
374 399
374 440
375 399
375 441
376 377
376 399
376 464
377 399
378 400
378 419
379 401
379 423
380 402
380 424
381 403
381 425
382 404
382 426
383 405
383 449
384 450
384 560
385 407
385 472
385 538
386 538
387 409
387 472
388 410
388 432
389 411
389 433
390 412
390 413
390 434
391 413
391 435
392 414
392 436
393 415
393 437
394 416
394 460
395 417
395 461
396 483
396 549
397 462
397 637
398 399
398 464
399 420
399 442
400 421
400 463
401 422
401 445
402 423
402 446
403 424
403 447
404 425
404 448
405 426
405 470
406 471
407 472
407 516
408 472
408 538
409 430
409 538
410 431
410 475
411 432
411 455
412 433
412 456
413 434
413 457
414 435
414 458
415 436
415 459
416 437
416 481
417 482
418 464
418 484
419 443
419 464
420 443
420 464
421 443
421 573
422 444
422 704
423 445
423 467
424 446
424 468
425 447
425 469
426 448
426 470
427 449
427 452
428 494
428 582
429 472
429 538
430 496
430 538
431 453
431 472
432 454
432 476
433 455
433 477
434 456
434 457
434 478
435 457
435 479
436 458
436 480
437 459
437 481
438 460
438 504
439 461
439 505
440 464
440 527
441 506
441 681
442 443
442 464
443 464
443 507
444 465
444 529
445 466
445 489
446 467
446 490
447 468
447 491
448 469
448 492
449 470
449 514
450 515
451 472
451 538
451 559
452 517
452 538
453 474
453 538
454 475
454 519
455 476
455 499
456 477
456 500
457 478
457 501
458 479
458 502
459 480
459 503
460 481
460 525
461 526
462 464
462 528
463 464
463 508
464 486
464 551
465 487
465 638
466 488
466 510
467 489
467 490
467 511
468 490
468 512
469 491
469 513
470 492
470 514
471 493
471 626
472 538
473 538
473 559
474 538
474 540
475 497
475 541
476 498
476 520
477 499
477 521
478 500
478 501
478 522
479 501
479 523
480 502
480 524
481 503
481 525
482 504
482 548
483 505
483 549
484 508
484 571
485 508
485 550
485 725
486 508
486 574
487 508
487 682
488 509
488 748
489 510
489 533
490 511
490 534
491 512
491 535
492 513
492 536
493 514
493 539
494 559
495 538
495 559
496 561
496 714
497 518
497 538
498 519
498 563
499 520
499 543
500 521
500 544
501 522
501 545
502 523
502 546
503 524
503 547
504 525
504 569
505 570
506 508
506 572
507 508
507 574
508 530
508 617
509 531
509 594
510 532
510 554
511 533
511 534
511 555
512 534
512 556
513 535
513 557
514 536
514 558
515 537
515 647
516 538
516 559
517 538
517 583
518 538
518 584
519 541
519 585
520 542
520 564
521 543
521 565
522 544
522 545
522 566
523 545
523 567
524 546
524 568
525 547
525 569
526 548
526 592
527 964
527 965
528 574
528 615
529 574
529 769
530 552
530 574
531 552
531 726
532 553
532 880
533 554
533 577
534 555
534 578
535 556
535 579
536 557
536 580
537 558
537 734
539 559
539 646
540 605
540 758
541 562
541 606
542 563
542 607
543 564
543 587
544 565
544 588
545 566
545 589
546 567
546 590
547 568
547 591
548 569
548 613
549 614
550 574
550 616
551 552
551 574
552 574
552 661
553 575
553 836
554 576
554 968
555 577
555 578
555 599
556 578
556 600
557 579
557 601
558 580
558 777
559 581
559 625
560 581
560 646
561 627
561 646
562 628
562 780
563 585
563 629
564 586
564 608
565 587
565 609
566 588
566 589
566 610
567 589
567 611
568 590
568 612
569 591
569 613
570 592
570 636
571 574
571 637
572 574
572 659
573 574
573 618
574 595
574 639
575 596
575 770
576 597
576 858
577 598
577 621
578 599
578 622
579 600
579 623
580 601
580 799
581 602
581 603
582 602
582 646
583 646
583 648
584 649
584 802
585 606
585 650
586 607
586 651
587 608
587 631
588 609
588 632
589 610
589 633
590 611
590 634
591 612
591 635
592 613
592 657
593 658
593 964
594 618
594 660
595 596
595 618
596 618
596 705
597 619
597 814
598 620
598 902
599 621
599 643
600 622
600 644
601 623
601 713
602 624
602 669
603 646
603 668
604 646
604 668
605 646
605 671
606 672
606 824
607 629
607 673
608 630
608 652
609 631
609 653
610 632
610 633
610 654
611 633
611 655
612 634
612 656
613 635
613 657
614 636
614 964
615 618
615 681
616 618
616 703
617 618
617 662
618 639
618 683
619 640
619 793
620 641
620 881
621 642
621 903
622 643
622 841
623 644
623 820
624 645
624 756
625 646
625 668
626 646
626 668
627 646
627 692
628 693
628 846
629 650
629 694
630 651
630 695
631 652
631 675
632 653
632 676
633 654
633 677
634 655
634 678
635 656
635 679
636 657
636 701
637 702
638 640
638 662
639 662
640 662
640 749
641 663
641 859
642 664
642 882
643 665
643 861
644 666
644 819
645 667
645 755
646 668
646 690
647 668
647 689
648 668
648 714
649 715
649 780
650 716
650 868
651 673
651 717
652 674
652 696
653 675
653 697
654 676
654 677
654 698
655 677
655 699
656 678
656 700
657 679
657 701
658 680
658 964
659 662
659 725
660 662
660 706
661 662
661 706
662 683
662 727
663 684
663 837
664 685
664 860
665 686
665 840
666 687
666 798
667 688
667 776
668 689
668 712
669 688
669 689
670 689
670 735
671 736
671 802
672 737
672 890
673 694
673 738
674 695
674 739
675 696
675 719
676 697
676 720
677 698
677 721
678 699
678 722
679 700
679 723
680 701
680 964
681 746
682 684
682 706
683 706
684 706
684 815
685 707
685 816
686 708
686 839
687 709
687 818
688 710
688 732
689 711
689 733
690 710
690 731
691 713
691 757
692 714
692 758
693 759
693 824
694 760
694 912
695 717
695 761
696 718
696 740
697 719
697 741
698 720
698 721
698 742
699 721
699 743
700 722
700 744
701 723
701 963
702 724
702 964
703 706
703 769
704 706
704 965
705 706
705 728
706 727
706 771
707 728
707 838
708 729
708 817
709 730
709 797
710 731
710 754
711 730
711 731
712 731
712 1577
713 1576
713 1577
714 779
715 780
715 846
716 781
716 934
717 738
717 782
718 739
718 783
719 740
719 763
720 741
720 764
721 742
721 765
722 743
722 766
723 744
723 963
724 745
724 963
725 790
726 965
726 988
727 728
728 750
728 794
729 751
729 795
730 752
730 774
731 753
731 775
732 752
732 1577
733 1556
733 1577
734 1576
734 1577
735 757
735 801
736 758
736 802
737 803
737 868
738 804
738 956
739 761
739 805
740 762
740 784
741 763
741 785
742 764
742 765
742 786
743 765
743 984
744 766
744 963
745 767
745 964
746 768
746 965
747 965
747 987
747 1139
748 988
748 1009
749 751
749 988
750 751
750 752
751 772
751 1145
752 773
752 796
753 1469
753 1534
754 1534
754 1556
755 1556
755 1577
756 1576
756 1577
757 778
757 822
758 823
759 824
759 890
760 825
760 978
761 782
761 826
762 783
762 827
763 784
763 807
764 785
764 808
765 984
765 1005
766 787
766 963
767 788
767 963
768 789
768 964
769 965
770 988
770 1032
771 1120
771 1185
772 1229
772 1295
773 1360
773 1426
774 1426
774 1447
775 1534
775 1556
776 1556
776 1577
777 1556
777 1577
778 800
778 822
779 801
779 845
780 802
780 846
781 847
781 912
782 848
782 1000
783 805
783 1221
784 806
784 1221
785 807
785 1505
786 808
786 984
786 1005
787 809
787 984
788 810
788 963
789 811
789 964
790 965
790 987
791 965
791 988
791 1162
792 988
792 1032
792 1140
793 988
793 1032
794 1229
794 1295
795 1295
795 1360
796 1426
796 1447
797 1534
797 1556
798 1534
798 1556
799 1556
799 1577
800 821
800 1577
801 822
801 866
802 867
803 868
803 934
804 869
804 1022
805 826
805 1221
806 827
806 1221
807 828
807 1505
808 829
808 984
809 984
809 1005
810 831
810 963
811 832
811 963
812 964
812 965
812 1095
813 965
813 988
813 1074
814 1032
814 1076
815 1185
815 1229
816 1295
816 1360
817 1426
817 1447
818 1447
818 1534
819 1534
819 1556
820 842
820 1577
821 843
821 1577
822 844
822 866
823 845
823 889
824 846
824 890
825 891
825 956
826 892
826 1221
827 849
827 1221
828 850
828 1505
829 851
829 1027
830 852
830 984
830 1005
831 853
831 984
832 963
832 985
833 964
833 986
833 1073
834 965
834 987
834 1052
835 988
835 1032
835 1118
836 1032
836 1076
837 1032
837 1076
838 1229
838 1295
839 1360
839 1426
840 1426
840 1447
841 1534
841 1556
842 1556
842 1577
843 864
843 1577
844 865
844 888
845 866
845 910
846 911
847 912
847 978
848 913
848 1066
849 870
849 1221
850 871
850 1221
851 872
851 1070
852 873
852 984
853 984
853 1005
854 963
854 985
854 1072
855 963
855 964
855 1051
856 965
856 987
856 1030
857 965
857 988
857 1031
858 1076
858 1120
859 1229
859 1295
860 1360
860 1426
861 1426
861 1447
862 884
862 1534
862 1556
863 885
863 1534
863 1556
864 886
864 1577
865 887
865 909
866 888
866 910
867 889
867 933
868 890
868 934
869 935
869 1000
870 936
870 1221
871 893
871 1221
872 894
872 1091
873 895
873 1027
874 984
874 1005
874 1093
875 963
875 985
875 1050
876 963
876 964
876 1029
877 964
877 987
877 1008
878 965
878 988
878 1009
879 988
879 1032
879 1096
880 1076
880 1120
881 1076
881 1120
882 1295
882 1360
883 904
883 1360
883 1426
884 905
884 1426
885 906
885 1534
886 1556
886 1577
887 908
887 931
888 909
888 932
889 910
889 954
890 955
891 956
891 1022
892 957
892 1110
893 914
893 1221
894 915
894 1113
895 916
895 1048
896 984
896 1005
896 1049
897 984
897 985
897 1028
898 963
898 985
898 1007
899 964
899 986
899 987
900 965
900 987
900 1009
901 988
901 1032
901 1075
902 1076
902 1120
903 1229
903 1295
904 926
904 1426
905 927
905 1426
906 928
906 1534
907 929
907 1534
907 1556
908 930
908 952
909 931
909 953
910 932
910 954
911 933
911 977
912 934
912 978
913 979
913 1221
914 980
914 1221
915 937
915 1134
916 1113
916 1158
917 1005
917 1027
917 1071
918 984
918 1005
918 1006
919 963
919 985
919 1006
920 963
920 964
920 986
921 964
921 965
921 987
922 965
922 988
922 1009
923 1032
923 1076
923 1119
924 1076
924 1120
924 1206
925 990
925 1120
925 1165
926 947
926 1360
927 948
927 1426
928 949
928 1534
929 950
929 1534
930 951
930 974
931 952
931 975
932 953
932 976
933 954
933 998
934 999
935 1000
935 1066
936 1001
936 1154
937 958
937 1134
938 1113
938 1114
938 1134
939 1027
939 1048
939 1092
940 984
940 1005
940 1027
941 963
941 985
941 1006
942 963
942 986
942 1007
943 964
943 987
943 1008
944 965
944 988
944 1009
945 1032
945 1053
945 1076
946 1012
946 1120
946 1271
947 1013
947 1295
948 970
948 1426
949 971
949 1426
950 972
950 1534
951 973
951 974
951 995
952 974
952 996
953 975
953 997
954 976
954 998
955 977
955 1021
956 978
956 1022
957 1023
957 1221
958 1024
958 1134
959 1113
959 1134
960 1070
960 1091
960 1135
961 984
961 1005
961 1027
962 984
962 985
962 1006
963 985
964 986
965 987
966 988
966 1032
966 1053
967 1076
967 1120
967 1163
968 1120
968 1229
969 1034
969 1120
969 1209
970 991
970 1426
971 992
971 1426
972 993
972 1534
973 994
973 1017
974 995
974 1018
975 996
975 1019
976 997
976 1020
977 998
977 1042
978 999
978 1043
979 1044
979 1221
980 1045
980 1198
981 1134
981 1200
982 1070
982 1091
982 1113
983 1005
983 1027
983 1048
984 1005
985 1006
986 1007
987 1008
988 1009
989 1076
989 1097
989 1120
990 1056
990 1229
991 1057
991 1360
992 1014
992 1426
993 1015
993 1037
994 1016
994 1038
995 1017
995 1018
995 1039
996 1018
996 1040
997 1019
997 1041
998 1020
998 1042
999 1021
999 1065
1000 1022
1000 1066
1001 1067
1001 1134
1002 1134
1002 1221
1002 1463
1003 1113
1003 1134
1003 1157
1004 1027
1004 1048
1004 1070
1005 1027
1006 1028
1007 1029
1008 1030
1009 1031
1010 1032
1010 1076
1010 1097
1011 1120
1011 1185
1011 1207
1012 1120
1012 1229
1013 1078
1013 1253
1014 1035
1014 1426
1015 1036
1015 1426
1016 1037
1016 1060
1017 1038
1017 1061
1018 1039
1018 1062
1019 1040
1019 1063
1020 1041
1020 1064
1021 1042
1021 1086
1022 1087
1023 1088
1023 1134
1024 1089
1024 1242
1025 1134
1025 1221
1025 1222
1026 1070
1026 1091
1026 1113
1027 1048
1028 1049
1029 1050
1030 1051
1031 1052
1032 1053
1033 1076
1033 1120
1033 1141
1034 1100
1034 1229
1035 1101
1035 1426
1036 1058
1036 1426
1037 1059
1037 1081
1038 1060
1038 1082
1039 1061
1039 1062
1039 1083
1040 1062
1040 1084
1041 1063
1041 1085
1042 1064
1042 1086
1043 1065
1043 1109
1044 1110
1044 1221
1045 1111
1045 1221
1046 1134
1046 1201
1046 1221
1047 1091
1047 1113
1047 1134
1048 1070
1049 1071
1050 1072
1051 1073
1052 1074
1053 1075
1054 1076
1054 1120
1054 1141
1055 1120
1055 1228
1055 1229
1056 1143
1056 1229
1057 1122
1057 1297
1058 1079
1058 1426
1059 1080
1059 1124
1060 1081
1060 1104
1061 1082
1061 1105
1062 1083
1062 1106
1063 1084
1063 1107
1064 1085
1064 1108
1065 1086
1065 1130
1066 1131
1067 1132
1067 1221
1068 1179
1068 1221
1068 1287
1069 1113
1069 1134
1069 1200
1070 1091
1071 1092
1072 1093
1073 1094
1074 1095
1075 1096
1076 1097
1077 1120
1077 1185
1077 1229
1078 1144
1078 1229
1079 1319
1079 1426
1080 1102
1080 1146
1081 1103
1081 1125
1082 1104
1082 1126
1083 1105
1083 1106
1083 1127
1084 1106
1084 1128
1085 1107
1085 1129
1086 1108
1086 1130
1087 1109
1087 1153
1088 1154
1088 1221
1089 1221
1089 1397
1090 1134
1090 1221
1090 1265
1091 1113
1092 1114
1093 1115
1094 1116
1094 1138
1095 1117
1096 1118
1097 1119
1098 1120
1098 1141
1098 1185
1099 1184
1099 1229
1099 1295
1100 1187
1100 1229
1101 1166
1101 1341
1102 1123
1102 1167
1103 1124
1103 1168
1104 1125
1104 1148
1105 1126
1105 1149
1106 1127
1106 1150
1107 1128
1107 1151
1108 1129
1108 1152
1109 1130
1109 1174
1110 1175
1111 1176
1111 1221
1112 1178
1112 1221
1112 1287
1113 1134
1114 1135
1115 1136
1115 1159
1116 1137
1116 1160
1117 1138
1117 1161
1118 1139
1119 1140
1120 1141
1121 1185
1121 1229
1121 1272
1122 1188
1122 1229
1123 1189
1123 1363
1124 1146
1124 1190
1125 1147
1125 1169
1126 1148
1126 1170
1127 1149
1127 1150
1127 1171
1128 1150
1128 1172
1129 1151
1129 1173
1130 1152
1130 1174
1131 1153
1131 1197
1132 1198
1132 1221
1133 1221
1133 1266
1133 1287
1134 1200
1135 1157
1136 1158
1136 1180
1137 1159
1137 1181
1138 1160
1138 1161
1138 1182
1139 1161
1140 1162
1141 1163
1142 1185
1142 1229
1142 1251
1143 1209
1143 1229
1144 1231
1144 1295
1145 1210
1145 1385
1146 1167
1146 1211
1147 1168
1147 1212
1148 1169
1148 1192
1149 1170
1149 1193
1150 1171
1150 1194
1151 1172
1151 1195
1152 1173
1152 1196
1153 1174
1153 1218
1154 1219
1155 1221
1155 1287
1155 1484
1156 1221
1156 1287
1156 1352
1157 1178
1158 1179
1159 1180
1159 1203
1160 1181
1160 1204
1161 1182
1161 1205
1162 1183
1163 1184
1164 1185
1164 1229
1164 1251
1165 1229
1165 1250
1166 1229
1166 1232
1167 1233
1167 1407
1168 1190
1168 1234
1169 1191
1169 1213
1170 1192
1170 1214
1171 1193
1171 1194
1171 1215
1172 1194
1172 1216
1173 1195
1173 1217
1174 1196
1174 1218
1175 1197
1175 1221
1176 1221
1176 1242
1177 1221
1177 1287
1177 1331
1178 1244
1179 1201
1180 1202
1180 1224
1181 1203
1181 1225
1182 1204
1182 1205
1182 1226
1183 1205
1183 1227
1184 1206
1185 1207
1186 1229
1186 1295
1186 1316
1187 1229
1187 1253
1188 1275
1188 1295
1189 1254
1189 1429
1190 1211
1190 1255
1191 1212
1191 1256
1192 1213
1192 1236
1193 1214
1193 1237
1194 1215
1194 1238
1195 1216
1195 1239
1196 1217
1196 1240
1197 1218
1197 1221
1198 1263
1199 1221
1199 1287
1199 1353
1200 1265
1200 1418
1201 1222
1202 1223
1202 1267
1203 1224
1203 1247
1204 1225
1204 1248
1205 1226
1205 1249
1206 1227
1207 1228
1208 1229
1208 1251
1208 1295
1209 1229
1210 1276
1210 1363
1211 1277
1211 1451
1212 1234
1212 1278
1213 1235
1213 1257
1214 1236
1214 1258
1215 1237
1215 1238
1215 1259
1216 1238
1216 1260
1217 1239
1217 1261
1218 1240
1218 1262
1219 1221
1219 1241
1220 1221
1220 1245
1220 1287
1221 1287
1221 1374
1222 1288
1223 1245
1223 1289
1224 1246
1224 1268
1225 1247
1225 1269
1226 1248
1226 1270
1227 1249
1227 1271
1228 1250
1229 1251
1230 1294
1230 1295
1230 1360
1231 1295
1231 1297
1232 1295
1232 1319
1233 1298
1233 1473
1234 1255
1234 1299
1235 1256
1235 1300
1236 1257
1236 1280
1237 1258
1237 1281
1238 1259
1238 1282
1239 1260
1239 1283
1240 1261
1240 1284
1241 1262
1241 1287
1242 1307
1243 1287
1243 1352
1243 1418
1244 1309
1244 1462
1245 1266
1246 1267
1246 1311
1247 1268
1247 1291
1248 1269
1248 1292
1249 1270
1249 1293
1250 1271
1251 1252
1251 1272
1252 1295
1252 1360
1253 1318
1254 1320
1254 1407
1255 1321
1255 1495
1256 1278
1256 1322
1257 1279
1257 1301
1258 1280
1258 1302
1259 1281
1259 1282
1259 1303
1260 1282
1260 1304
1261 1283
1261 1305
1262 1284
1262 1287
1263 1285
1263 1287
1264 1287
1264 1352
1264 1375
1265 1331
1266 1332
1267 1289
1267 1333
1268 1290
1268 1312
1269 1291
1269 1313
1270 1292
1270 1293
1270 1314
1271 1293
1272 1294
1273 1295
1273 1316
1273 1360
1274 1295
1274 1315
1274 1360
1275 1341
1275 1360
1276 1363
1276 1429
1277 1342
1277 1517
1278 1299
1278 1343
1279 1300
1279 1344
1280 1301
1280 1324
1281 1302
1281 1325
1282 1303
1282 1326
1283 1304
1283 1327
1284 1305
1284 1328
1285 1287
1285 1306
1286 1287
1286 1352
1286 1440
1287 1308
1287 1352
1288 1353
1288 1506
1289 1310
1289 1354
1290 1311
1290 1355
1291 1312
1291 1335
1292 1313
1292 1336
1293 1314
1293 1337
1294 1315
1295 1316
1295 1317
1296 1316
1296 1338
1296 1360
1297 1362
1298 1364
1298 1451
1299 1365
1299 1539
1300 1322
1300 1366
1301 1323
1301 1345
1302 1324
1302 1346
1303 1325
1303 1326
1303 1347
1304 1326
1304 1348
1305 1327
1305 1349
1306 1328
1306 1352
1307 1329
1307 1352
1308 1352
1308 1418
1309 1330
1309 1375
1310 1376
1310 1528
1311 1333
1311 1377
1312 1334
1312 1356
1313 1335
1313 1357
1314 1336
1314 1358
1315 1337
1316 1338
1317 1360
1317 1382
1318 1360
1318 1426
1319 1360
1320 1407
1320 1473
1321 1386
1321 1561
1322 1343
1322 1387
1323 1344
1323 1388
1324 1345
1324 1368
1325 1346
1325 1369
1326 1347
1326 1370
1327 1348
1327 1371
1328 1349
1328 1352
1329 1350
1329 1352
1330 1352
1330 1418
1331 1396
1332 1397
1332 1550
1333 1354
1333 1398
1334 1355
1334 1399
1335 1356
1335 1379
1336 1357
1336 1380
1337 1358
1337 1381
1338 1359
1339 1360
1339 1382
1339 1426
1340 1360
1340 1381
1340 1426
1341 1406
1342 1408
1342 1495
1343 1409
1343 1583
1344 1366
1344 1410
1345 1367
1345 1389
1346 1368
1346 1390
1347 1369
1347 1370
1347 1391
1348 1370
1348 1392
1349 1371
1349 1393
1350 1352
1350 1372
1351 1352
1351 1418
1351 1527
1352 1418
1353 1419
1354 1420
1354 1572
1355 1377
1355 1421
1356 1378
1356 1400
1357 1379
1357 1401
1358 1380
1358 1402
1359 1381
1359 1427
1360 1382
1360 1383
1361 1382
1361 1403
1361 1426
1362 1384
1362 1426
1363 1385
1363 1429
1364 1451
1364 1517
1365 1430
1366 1387
1366 1431
1367 1388
1367 1432
1368 1389
1368 1412
1369 1390
1369 1413
1370 1391
1370 1414
1371 1392
1371 1415
1372 1393
1372 1505
1373 1394
1373 1419
1373 1505
1374 1418
1374 1483
1375 1440
1376 1441
1377 1398
1377 1442
1378 1399
1378 1443
1379 1400
1379 1423
1380 1401
1380 1424
1381 1402
1382 1403
1382 1448
1383 1426
1383 1447
1384 1405
1384 1426
1385 1426
1385 1450
1386 1452
1386 1539
1387 1409
1387 1453
1388 1410
1388 1454
1389 1411
1389 1433
1390 1412
1390 1434
1391 1413
1391 1414
1391 1435
1392 1414
1392 1436
1393 1415
1393 1505
1394 1416
1394 1505
1395 1396
1395 1418
1395 1505
1396 1462
1397 1463
1398 1420
1398 1464
1399 1421
1399 1465
1400 1422
1400 1444
1401 1423
1401 1445
1402 1424
1402 1446
1403 1425
1404 1426
1404 1447
1404 1469
1405 1426
1405 1447
1406 1426
1406 1428
1407 1429
1407 1473
1408 1495
1408 1561
1409 1474
1410 1431
1410 1475
1411 1432
1411 1476
1412 1433
1412 1456
1413 1434
1413 1457
1414 1435
1414 1458
1415 1436
1415 1459
1416 1437
1416 1505
1417 1418
1417 1505
1417 1549
1418 1483
1419 1484
1420 1485
1421 1442
1421 1486
1422 1443
1422 1487
1423 1444
1423 1467
1424 1445
1424 1468
1425 1446
1425 1514
1426 1447
1426 1470
1427 1447
1427 1469
1428 1447
1428 1449
1429 1494
1430 1496
1430 1583
1431 1453
1431 1497
1432 1454
1432 1498
1433 1455
1433 1477
1434 1456
1434 1478
1435 1457
1435 1458
1435 1479
1436 1458
1436 1480
1437 1459
1437 1505
1438 1483
1438 1505
1439 1462
1439 1483
1439 1505
1440 1506
1441 1507
1441 1572
1442 1464
1442 1508
1443 1465
1443 1509
1444 1466
1444 1488
1445 1467
1445 1489
1446 1468
1446 1492
1447 1469
1447 1491
1448 1469
1448 1534
1449 1469
1449 1471
1450 1472
1450 1516
1451 1473
1451 1517
1452 1539
1452 1561
1453 1518
1454 1475
1454 1519
1455 1476
1455 1520
1456 1477
1456 1500
1457 1478
1457 1501
1458 1479
1458 1502
1459 1480
1459 1505
1460 1481
1460 1505
1460 1571
1461 1483
1461 1505
1461 1570
1462 1527
1463 1528
1464 1529
1465 1486
1465 1530
1466 1487
1466 1531
1467 1488
1467 1511
1468 1489
1468 1579
1469 1490
1469 1557
1470 1490
1470 1534
1471 1490
1471 1534
1472 1493
1472 1537
1473 1538
1474 1540
1474 1583
1475 1497
1475 1541
1476 1498
1476 1542
1477 1499
1477 1521
1478 1500
1478 1522
1479 1501
1479 1502
1479 1523
1480 1502
1480 1505
1481 1503
1481 1505
1482 1483
1482 1505
1482 1570
1483 1505
1484 1550
1485 1551
1485 1572
1486 1508
1486 1552
1487 1509
1487 1553
1488 1510
1488 1532
1489 1511
1489 1533
1490 1512
1490 1535
1491 1534
1491 1556
1492 1534
1492 1556
1493 1515
1493 1534
1494 1516
1494 1560
1495 1517
1495 1561
1496 1539
1496 1583
1497 1562
1498 1519
1498 1563
1499 1520
1499 1564
1500 1521
1500 1544
1501 1522
1501 1545
1502 1523
1502 1546
1503 1505
1503 1524
1504 1505
1504 1570
1505 1526
1506 1571
1507 1528
1507 1572
1508 1573
1509 1530
1509 1574
1510 1531
1510 1575
1511 1532
1511 1555
1512 1533
1513 1534
1513 1556
1513 1577
1514 1534
1514 1556
1515 1534
1515 1536
1516 1537
1516 1581
1517 1582
1518 1540
1519 1541
1520 1542
1520 1564
1521 1543
1521 1565
1522 1544
1522 1566
1523 1545
1523 1546
1523 1567
1524 1546
1524 1570
1525 1549
1525 1570
1526 1549
1526 1570
1527 1549
1528 1550
1529 1551
1530 1552
1531 1553
1531 1575
1532 1554
1532 1576
1533 1555
1534 1556
1534 1578
1535 1556
1535 1577
1536 1556
1536 1558
1537 1559
1537 1581
1538 1560
1538 1582
1539 1561
1540 1583
1542 1563
1542 1564
1543 1564
1543 1565
1544 1565
1544 1566
1545 1566
1545 1567
1546 1567
1546 1570
1547 1549
1547 1570
1548 1549
1548 1570
1549 1570
1551 1572
1553 1574
1553 1575
1554 1575
1554 1576
1555 1576
1556 1577
1557 1576
1557 1577
1558 1577
1558 1579
1559 1580
1559 1581
1560 1581
1560 1582
1562 1583
1563 1564
1564 1565
1565 1566
1566 1567
1567 1568
1567 1569
1568 1570
1569 1570
1569 1571
1572 1573
1573 1574
1574 1575
1575 1576
1578 1579
1578 1580
1579 1580
1579 1581
1580 1581
1581 1582
1582 1583
