0 23
0 132
0 1562
1 2
1 23
1 89
2 23
2 1542
2 1564
3 24
3 1432
3 1565
4 69
4 1370
4 1522
5 70
5 1458
5 1523
6 71
6 224
6 1524
7 28
7 72
7 1569
8 29
8 73
8 1570
9 30
9 54
9 1571
10 1528
10 1550
10 1571
11 1527
11 1528
11 1550
12 33
12 1528
12 1574
13 34
13 57
13 1575
14 35
14 1532
14 1576
15 80
15 1381
15 1533
16 81
16 1469
16 1534
17 82
17 235
17 1535
18 39
18 83
18 1580
19 40
19 84
19 1581
20 41
20 64
20 1582
21 42
21 132
21 1583
22 23
22 67
22 110
23 45
23 1563
24 46
24 1519
25 47
25 996
25 1544
26 92
26 1479
26 1545
27 93
27 158
27 1546
28 94
28 246
29 51
29 95
30 52
30 141
31 53
31 1550
31 1571
32 1506
32 1528
32 1550
33 55
33 1528
34 56
34 78
35 57
35 1554
36 58
36 102
36 1555
37 103
37 1490
37 1556
38 104
38 169
38 1557
39 105
39 257
40 62
40 106
41 63
41 85
42 64
42 132
43 65
43 110
43 132
44 110
44 132
44 154
45 89
45 110
46 67
46 1498
47 68
47 975
48 113
48 1414
48 1566
49 114
49 1502
49 1567
50 115
50 268
50 1568
51 72
51 116
52 73
52 228
53 74
53 97
54 1550
54 1571
55 1528
55 1550
56 77
56 1528
57 78
57 101
58 79
58 1576
59 124
59 1425
59 1577
60 125
60 1513
60 1578
61 126
61 279
61 1579
62 83
62 127
63 84
63 128
64 85
64 108
65 86
65 132
66 89
66 110
66 132
67 89
68 90
68 953
69 91
69 135
70 136
70 1523
71 137
71 202
72 138
72 290
73 95
73 206
74 96
74 118
75 96
75 1550
75 1571
76 98
76 1528
76 1550
77 99
77 1528
78 100
78 122
79 101
79 123
80 102
80 146
81 147
81 1534
82 148
82 213
83 149
83 301
84 106
84 150
85 107
85 129
86 108
86 132
87 110
87 132
87 133
88 89
88 110
88 132
89 110
90 111
90 1562
91 112
91 156
92 157
92 1458
93 158
93 1546
94 159
94 312
95 116
95 685
96 117
96 184
97 161
97 1571
98 1550
98 1570
99 1528
99 1550
100 121
100 144
101 122
101 145
102 123
102 167
103 168
103 1469
104 169
104 1557
105 170
105 323
106 127
106 171
107 128
107 172
108 129
108 262
109 110
109 132
109 198
110 132
111 133
111 1541
112 134
112 156
113 135
113 179
114 180
114 1567
115 181
115 246
116 182
116 664
117 139
117 162
118 161
118 183
119 161
119 1549
119 1571
120 142
120 1528
120 1550
121 143
121 165
122 144
122 166
123 145
123 167
124 146
124 190
125 191
125 1578
126 192
126 257
127 193
127 345
128 150
128 194
129 151
129 262
130 132
130 152
130 262
131 132
131 176
131 219
132 175
133 154
134 155
134 178
135 156
135 200
136 201
136 1502
137 202
137 268
138 203
138 356
139 160
139 249
140 161
140 183
140 248
141 161
141 183
142 161
142 163
143 164
143 187
144 165
144 188
145 166
145 189
146 167
146 211
147 212
147 1513
148 213
148 279
149 214
149 367
150 171
150 215
151 172
151 262
152 173
152 262
153 176
153 241
153 262
154 176
155 177
155 199
156 178
156 200
157 179
157 223
158 224
158 1546
159 225
159 290
160 226
160 315
161 183
161 205
162 183
162 248
163 183
163 185
164 186
164 187
164 208
165 187
165 209
166 188
166 210
167 189
167 211
168 190
168 234
169 235
169 1557
170 236
170 301
171 237
171 389
172 194
172 238
173 195
173 262
174 241
174 262
174 263
175 176
175 219
176 219
177 198
177 221
178 199
178 222
179 200
179 244
180 245
180 1546
181 246
181 312
182 247
182 400
183 204
183 271
184 204
184 248
185 206
185 248
186 207
186 683
187 208
187 231
188 209
188 232
189 210
189 233
190 211
190 255
191 256
191 1557
192 257
192 323
193 258
193 411
194 215
194 259
195 216
195 262
196 220
196 241
196 262
197 219
197 241
197 262
198 220
199 221
199 243
200 222
200 244
201 223
201 267
202 268
202 1568
203 269
203 598
204 270
204 336
205 248
205 270
206 248
207 229
207 248
208 230
208 231
208 252
209 231
209 253
210 232
210 254
211 233
211 255
212 234
212 278
213 279
213 1579
214 280
214 345
215 281
215 433
216 238
216 349
217 239
217 262
217 349
218 219
218 241
218 262
219 241
220 263
221 242
221 265
222 243
222 266
223 244
223 288
224 289
225 290
225 356
226 291
226 444
227 248
227 270
227 466
228 248
228 401
229 248
229 250
230 251
230 274
231 252
231 275
232 253
232 276
233 254
233 277
234 255
234 299
235 300
236 301
236 367
237 302
237 455
238 259
238 349
239 260
239 262
240 241
240 262
240 306
241 262
242 264
242 286
243 265
243 287
244 266
244 288
245 267
245 311
246 268
246 312
247 313
247 380
248 292
248 314
249 401
249 466
250 272
250 335
251 273
251 295
252 274
252 275
252 296
253 275
253 297
254 276
254 298
255 277
255 299
256 278
256 322
257 279
257 323
258 324
258 389
259 325
259 477
260 282
260 349
261 262
261 285
261 349
262 284
263 285
264 307
264 308
265 286
265 309
266 287
266 310
267 288
267 332
268 333
269 293
269 334
270 335
270 488
271 401
271 466
272 293
272 401
273 294
273 640
274 295
274 318
275 296
275 319
276 297
276 320
277 298
277 321
278 299
278 343
279 344
280 345
280 411
281 346
281 499
282 303
282 349
283 328
283 329
283 349
284 328
284 349
285 306
286 308
286 330
287 309
287 331
288 310
288 332
289 311
289 355
290 312
290 356
291 357
291 489
292 466
292 532
293 466
294 316
294 335
295 317
295 339
296 318
296 319
296 340
297 319
297 341
298 320
298 342
299 321
299 343
300 322
300 366
301 323
301 367
302 368
302 433
303 349
303 369
304 326
304 349
304 415
305 306
305 328
305 349
306 328
307 329
307 351
308 351
308 352
309 330
309 353
310 331
310 354
311 332
311 376
312 377
313 378
313 402
314 466
314 532
315 466
315 532
316 337
316 401
317 338
317 361
318 339
318 362
319 340
319 363
320 341
320 364
321 342
321 365
322 343
322 387
323 388
324 389
324 455
325 390
325 543
326 347
326 349
327 328
327 349
327 415
328 349
329 350
330 352
330 374
331 353
331 375
332 354
332 376
333 355
333 399
334 400
334 467
335 358
335 401
336 466
336 532
337 359
337 466
338 360
338 382
339 361
339 383
340 362
340 363
340 384
341 363
341 385
342 364
342 386
343 365
343 387
344 366
344 410
345 367
345 411
346 412
346 477
347 349
347 413
348 349
348 350
348 415
349 371
350 372
351 373
351 395
352 395
352 396
353 374
353 397
354 375
354 398
355 376
355 420
356 421
357 422
357 423
358 466
358 532
359 380
359 532
360 381
360 401
361 382
361 405
362 383
362 406
363 384
363 407
364 385
364 408
365 386
365 409
366 387
366 431
367 432
368 433
368 499
369 434
369 587
370 391
370 415
370 480
371 393
371 415
372 393
372 414
373 394
373 417
374 396
374 418
375 397
375 419
376 398
376 420
377 399
377 443
378 444
378 554
379 401
379 466
379 532
380 532
381 403
381 466
382 404
382 426
383 405
383 427
384 406
384 407
384 428
385 407
385 429
386 408
386 430
387 409
387 431
388 410
388 454
389 411
389 455
390 415
390 456
391 415
391 457
392 393
392 415
392 480
393 415
394 416
394 435
395 417
395 439
396 439
396 440
397 418
397 441
398 419
398 442
399 420
399 464
400 465
401 466
401 510
402 466
402 532
403 424
403 532
404 425
404 469
405 426
405 449
406 427
406 450
407 428
407 451
408 429
408 452
409 430
409 453
410 431
410 475
411 432
411 476
412 477
412 543
413 478
413 631
414 415
414 480
415 436
415 458
416 437
416 479
417 438
417 461
418 440
418 462
419 441
419 463
420 442
420 464
421 443
421 446
422 488
422 576
423 466
423 532
424 490
424 532
425 447
425 466
426 448
426 470
427 449
427 471
428 450
428 451
428 472
429 451
429 473
430 452
430 474
431 453
431 475
432 454
432 498
433 455
433 499
434 480
434 500
435 459
435 480
436 459
436 480
437 459
437 589
438 460
438 720
439 440
439 461
439 483
440 483
440 484
441 462
441 485
442 463
442 486
443 464
443 508
444 509
445 466
445 532
445 553
446 511
446 532
447 468
447 532
448 469
448 513
449 470
449 493
450 471
450 494
451 472
451 495
452 473
452 496
453 474
453 497
454 475
454 519
455 520
456 480
456 521
457 522
457 675
458 459
458 480
459 480
459 523
460 481
460 545
461 482
461 505
462 484
462 506
463 485
463 507
464 486
464 508
465 487
465 620
466 532
467 532
467 553
468 532
468 534
469 491
469 535
470 492
470 514
471 493
471 515
472 494
472 495
472 516
473 495
473 517
474 496
474 518
475 497
475 519
476 498
476 542
477 499
477 543
478 480
478 544
479 480
479 524
480 502
480 567
481 503
481 654
482 504
482 526
483 484
483 505
483 527
484 527
484 528
485 506
485 529
486 507
486 530
487 508
487 533
488 553
489 532
489 553
490 555
490 708
491 512
491 532
492 513
492 557
493 514
493 537
494 515
494 538
495 516
495 539
496 517
496 540
497 518
497 541
498 519
498 563
499 564
500 524
500 565
501 524
501 566
501 719
502 524
502 590
503 524
503 698
504 525
504 764
505 526
505 549
506 528
506 550
507 529
507 551
508 530
508 552
509 531
509 641
510 532
510 553
511 532
511 577
512 532
512 578
513 535
513 579
514 536
514 558
515 537
515 559
516 538
516 539
516 560
517 539
517 561
518 540
518 562
519 541
519 563
520 542
520 586
521 587
521 959
522 524
522 588
523 524
523 590
524 546
524 633
525 547
525 610
526 548
526 570
527 528
527 549
527 571
528 571
528 572
529 550
529 573
530 551
530 574
531 552
531 728
533 553
533 640
534 599
534 752
535 556
535 600
536 557
536 601
537 558
537 581
538 559
538 582
539 560
539 583
540 561
540 584
541 562
541 585
542 563
542 607
543 608
544 590
544 609
545 590
545 763
546 568
546 590
547 568
547 742
548 569
548 896
549 570
549 593
550 572
550 594
551 573
551 595
552 574
552 771
553 575
553 619
554 575
554 640
555 621
555 640
556 622
556 774
557 579
557 623
558 580
558 602
559 581
559 603
560 582
560 583
560 604
561 583
561 605
562 584
562 606
563 585
563 607
564 586
564 630
565 590
565 631
566 590
566 632
567 568
567 590
568 590
568 677
569 591
569 852
570 592
570 962
571 593
571 615
572 615
572 616
573 594
573 617
574 595
574 793
575 596
575 597
576 596
576 640
577 640
577 642
578 643
578 796
579 600
579 644
580 601
580 645
581 602
581 625
582 603
582 626
583 604
583 627
584 605
584 628
585 606
585 629
586 607
586 651
587 652
588 590
588 653
589 590
589 634
590 611
590 655
591 612
591 786
592 613
592 874
593 614
593 637
594 616
594 638
595 617
595 707
596 618
596 663
597 640
597 662
598 640
598 662
599 640
599 665
600 666
600 818
601 623
601 667
602 624
602 646
603 625
603 647
604 626
604 627
604 648
605 627
605 649
606 628
606 650
607 629
607 651
608 630
608 958
609 634
609 675
610 634
610 676
611 612
611 634
612 634
612 721
613 635
613 830
614 636
614 984
615 637
615 659
616 659
616 857
617 638
617 814
618 639
618 750
619 640
619 662
620 640
620 662
621 640
621 686
622 687
622 840
623 644
623 688
624 645
624 689
625 646
625 669
626 647
626 670
627 648
627 671
628 649
628 672
629 650
629 673
630 651
630 695
631 696
632 634
632 697
633 634
633 678
634 655
634 699
635 656
635 809
636 657
636 918
637 658
637 919
638 660
638 835
639 661
639 749
640 662
640 684
641 662
641 683
642 662
642 708
643 709
643 774
644 710
644 862
645 667
645 711
646 668
646 690
647 669
647 691
648 670
648 671
648 692
649 671
649 693
650 672
650 694
651 673
651 695
652 674
652 958
653 678
653 719
654 656
654 678
655 678
656 678
656 765
657 679
657 897
658 680
658 898
659 681
659 877
660 703
660 792
661 682
661 770
662 683
662 706
663 682
663 683
664 683
664 729
665 730
665 796
666 731
666 884
667 688
667 732
668 689
668 733
669 690
669 713
670 691
670 714
671 692
671 715
672 693
672 716
673 694
673 717
674 695
674 958
675 740
676 678
676 722
677 678
677 722
678 699
678 743
679 700
679 853
680 701
680 876
681 702
681 856
682 704
682 726
683 705
683 727
684 704
684 747
685 707
685 751
686 708
686 752
687 753
687 818
688 754
688 906
689 711
689 755
690 712
690 734
691 713
691 735
692 714
692 715
692 736
693 715
693 737
694 716
694 738
695 717
695 957
696 718
696 958
697 722
697 763
698 700
698 722
699 722
700 722
700 831
701 723
701 875
702 724
702 855
703 725
703 834
704 747
704 748
705 725
705 747
706 747
706 1571
707 1570
707 1571
708 773
709 774
709 840
710 775
710 928
711 732
711 776
712 733
712 777
713 734
713 757
714 735
714 758
715 736
715 759
716 737
716 760
717 738
717 957
718 739
718 957
719 784
720 722
720 959
721 722
721 744
722 743
722 787
723 744
723 854
724 745
724 833
725 746
725 813
726 746
726 747
727 747
727 1571
728 1570
728 1571
729 751
729 795
730 752
730 796
731 797
731 862
732 798
732 950
733 755
733 799
734 756
734 778
735 757
735 779
736 758
736 759
736 780
737 759
737 781
738 760
738 957
739 761
739 958
740 762
740 959
741 959
741 981
741 1133
742 959
742 982
743 744
744 766
744 810
745 767
745 811
746 768
746 790
747 769
747 791
748 768
748 1550
749 1550
749 1571
750 1570
750 1571
751 772
751 816
752 817
753 818
753 884
754 819
754 972
755 776
755 820
756 777
756 821
757 778
757 801
758 779
758 802
759 978
759 999
760 781
760 957
761 782
761 957
762 783
762 958
763 959
764 982
764 1003
765 767
765 982
766 767
766 768
767 788
767 832
768 789
768 812
769 1463
769 1528
770 1550
770 1571
771 1550
771 1571
772 794
772 816
773 795
773 839
774 796
774 840
775 841
775 906
776 842
776 994
777 799
777 1281
778 800
778 1499
779 801
779 1499
780 802
780 978
780 999
781 803
781 978
782 804
782 957
783 805
783 958
784 959
784 981
785 959
785 982
785 1156
786 982
786 1026
787 1114
787 1179
788 1223
788 1289
789 1354
789 1420
790 1420
790 1441
791 1528
791 1550
792 1528
792 1550
793 1550
793 1571
794 815
794 1571
795 816
795 860
796 861
797 862
797 928
798 863
798 1016
799 820
799 1281
800 821
800 1281
801 822
801 1499
802 823
802 978
803 978
803 999
804 825
804 957
805 826
805 957
806 958
806 959
806 1089
807 959
807 982
807 1068
808 982
808 1026
808 1134
809 982
809 1026
810 1223
810 1289
811 1289
811 1354
812 1420
812 1441
813 1528
813 1550
814 836
814 1571
815 837
815 1571
816 838
816 860
817 839
817 883
818 840
818 884
819 885
819 950
820 886
820 1281
821 843
821 1281
822 844
822 1499
823 845
823 1021
824 846
824 978
824 999
825 847
825 978
826 957
826 979
827 958
827 980
827 1067
828 959
828 981
828 1046
829 982
829 1026
829 1112
830 1026
830 1070
831 1179
831 1223
832 1289
832 1354
833 1354
833 1420
834 1441
834 1528
835 1528
835 1550
836 1528
836 1550
837 858
837 1571
838 859
838 882
839 860
839 904
840 905
841 906
841 972
842 1060
842 1281
843 864
843 1281
844 865
844 1128
845 866
845 1064
846 867
846 978
847 978
847 999
848 957
848 979
848 1066
849 957
849 958
849 1045
850 959
850 981
850 1024
851 959
851 982
851 1025
852 1026
852 1070
853 1026
853 1070
854 1223
854 1289
855 1354
855 1420
856 1420
856 1441
857 1528
857 1550
858 880
858 1571
859 881
859 903
860 882
860 904
861 883
861 927
862 884
862 928
863 929
863 994
864 930
864 1281
865 887
865 1281
866 888
866 1085
867 889
867 1021
868 978
868 999
868 1087
869 957
869 979
869 1044
870 957
870 958
870 1023
871 958
871 981
871 1002
872 959
872 982
872 1003
873 982
873 1026
873 1090
874 1070
874 1114
875 1223
875 1289
876 1354
876 1420
877 1420
877 1441
878 900
878 1528
878 1550
879 901
879 1528
879 1550
880 1550
880 1571
881 902
881 925
882 903
882 926
883 904
883 948
884 949
885 950
885 1016
886 951
886 1104
887 908
887 1281
888 909
888 1107
889 910
889 1042
890 978
890 999
890 1043
891 978
891 979
891 1022
892 957
892 979
892 1001
893 958
893 980
893 981
894 959
894 981
894 1003
895 982
895 1026
895 1069
896 1070
896 1114
897 1070
897 1114
898 1289
898 1354
899 920
899 1354
899 1420
900 921
900 1420
901 922
901 1528
902 924
902 946
903 925
903 947
904 926
904 948
905 927
905 971
906 928
906 972
907 973
907 1281
907 1346
908 974
908 1281
909 931
909 1128
910 1107
910 1152
911 999
911 1021
911 1065
912 978
912 999
912 1000
913 957
913 979
913 1000
914 957
914 958
914 980
915 958
915 959
915 981
916 959
916 982
916 1003
917 1026
917 1070
917 1113
918 1070
918 1114
919 1223
919 1289
920 942
920 1420
921 943
921 1420
922 944
922 1528
923 945
923 1528
923 1550
924 967
924 968
925 946
925 969
926 947
926 970
927 948
927 992
928 949
928 993
929 994
929 1060
930 995
930 1148
931 952
931 1128
932 1107
932 1108
932 1128
933 1021
933 1042
933 1086
934 978
934 999
934 1021
935 957
935 979
935 1000
936 957
936 980
936 1001
937 958
937 981
937 1002
938 959
938 982
938 1003
939 1026
939 1047
939 1070
940 1070
940 1114
940 1200
941 1006
941 1114
941 1159
942 963
942 1354
943 964
943 1420
944 965
944 1528
945 966
945 1528
946 968
946 990
947 969
947 991
948 970
948 992
949 971
949 1015
950 972
950 1016
951 1017
951 1281
952 1018
952 1128
953 1107
953 1128
954 1064
954 1085
954 1129
955 978
955 999
955 1021
956 978
956 979
956 1000
957 979
958 980
959 981
960 982
960 1026
960 1047
961 1070
961 1114
961 1157
962 1028
962 1114
963 1029
963 1289
964 986
964 1420
965 987
965 1420
966 988
966 1528
967 968
967 989
967 1011
968 1011
968 1012
969 990
969 1013
970 991
970 1014
971 992
971 1036
972 1037
973 1038
973 1281
974 1039
974 1192
975 1128
975 1194
976 1064
976 1085
976 1107
977 999
977 1021
977 1042
978 999
979 1000
980 1001
981 1002
982 1003
983 1070
983 1091
983 1114
984 1114
984 1223
985 1050
985 1114
985 1203
986 1007
986 1420
987 1008
987 1420
988 1009
988 1528
989 1010
989 1033
990 1012
990 1034
991 1013
991 1035
992 1014
992 1036
993 1015
993 1059
994 1016
994 1060
995 1061
995 1128
996 1128
996 1194
997 1107
997 1128
997 1151
998 1021
998 1042
998 1064
999 1021
1000 1022
1001 1023
1002 1024
1003 1025
1004 1026
1004 1070
1004 1091
1005 1114
1005 1179
1005 1201
1006 1072
1006 1223
1007 1073
1007 1354
1008 1030
1008 1420
1009 1031
1009 1053
1010 1032
1010 1054
1011 1012
1011 1033
1011 1055
1012 1055
1012 1056
1013 1034
1013 1057
1014 1035
1014 1058
1015 1036
1015 1080
1016 1081
1017 1082
1017 1128
1018 1083
1018 1236
1019 1107
1019 1128
1019 1195
1020 1064
1020 1085
1020 1107
1021 1042
1022 1043
1023 1044
1024 1045
1025 1046
1026 1047
1027 1070
1027 1114
1027 1135
1028 1114
1028 1223
1029 1094
1029 1247
1030 1051
1030 1420
1031 1052
1031 1420
1032 1053
1032 1076
1033 1054
1033 1077
1034 1056
1034 1078
1035 1057
1035 1079
1036 1058
1036 1080
1037 1059
1037 1103
1038 1104
1038 1281
1039 1105
1039 1128
1040 1128
1040 1173
1040 1194
1041 1085
1041 1107
1041 1128
1042 1064
1043 1065
1044 1066
1045 1067
1046 1068
1047 1069
1048 1070
1048 1114
1048 1135
1049 1114
1049 1222
1049 1223
1050 1116
1050 1223
1051 1117
1051 1420
1052 1074
1052 1420
1053 1075
1053 1097
1054 1076
1054 1098
1055 1056
1055 1077
1055 1099
1056 1099
1056 1100
1057 1078
1057 1101
1058 1079
1058 1102
1059 1080
1059 1124
1060 1125
1061 1126
1061 1128
1062 1128
1062 1281
1062 1457
1063 1107
1063 1128
1063 1194
1064 1085
1065 1086
1066 1087
1067 1088
1068 1089
1069 1090
1070 1091
1071 1114
1071 1179
1071 1223
1072 1137
1072 1223
1073 1138
1073 1291
1074 1095
1074 1420
1075 1096
1075 1140
1076 1097
1076 1120
1077 1098
1077 1121
1078 1100
1078 1122
1079 1101
1079 1123
1080 1102
1080 1124
1081 1103
1081 1147
1082 1128
1082 1148
1083 1149
1083 1281
1084 1128
1084 1172
1084 1281
1085 1107
1086 1108
1087 1109
1088 1110
1088 1132
1089 1111
1090 1112
1091 1113
1092 1114
1092 1135
1092 1179
1093 1178
1093 1223
1093 1289
1094 1160
1094 1223
1095 1161
1095 1420
1096 1118
1096 1162
1097 1119
1097 1141
1098 1120
1098 1142
1099 1100
1099 1121
1099 1143
1100 1143
1100 1144
1101 1122
1101 1145
1102 1123
1102 1146
1103 1124
1103 1168
1104 1169
1105 1170
1105 1281
1106 1128
1106 1216
1106 1281
1107 1128
1108 1129
1109 1130
1109 1153
1110 1131
1110 1154
1111 1132
1111 1155
1112 1133
1113 1134
1114 1135
1115 1179
1115 1223
1115 1266
1116 1181
1116 1223
1117 1182
1117 1335
1118 1139
1118 1183
1119 1140
1119 1184
1120 1141
1120 1164
1121 1142
1121 1165
1122 1144
1122 1166
1123 1145
1123 1167
1124 1146
1124 1168
1125 1147
1125 1191
1126 1192
1126 1281
1127 1260
1127 1281
1127 1346
1128 1194
1129 1151
1130 1152
1130 1174
1131 1153
1131 1175
1132 1154
1132 1176
1133 1155
1134 1156
1135 1157
1136 1179
1136 1223
1136 1245
1137 1203
1137 1223
1138 1204
1138 1223
1139 1205
1139 1357
1140 1162
1140 1206
1141 1163
1141 1185
1142 1164
1142 1186
1143 1144
1143 1165
1143 1187
1144 1187
1144 1188
1145 1166
1145 1189
1146 1167
1146 1190
1147 1168
1147 1212
1148 1213
1149 1281
1149 1522
1150 1194
1150 1281
1150 1346
1151 1172
1152 1173
1153 1174
1153 1197
1154 1175
1154 1198
1155 1176
1155 1199
1156 1177
1157 1178
1158 1179
1158 1223
1158 1245
1159 1223
1159 1244
1160 1225
1160 1289
1161 1226
1161 1379
1162 1183
1162 1227
1163 1184
1163 1228
1164 1185
1164 1208
1165 1186
1165 1209
1166 1188
1166 1210
1167 1189
1167 1211
1168 1190
1168 1212
1169 1191
1169 1281
1170 1236
1170 1281
1171 1281
1171 1303
1171 1346
1172 1238
1173 1195
1174 1196
1174 1218
1175 1197
1175 1219
1176 1198
1176 1199
1176 1220
1177 1199
1177 1221
1178 1200
1179 1201
1180 1223
1180 1289
1180 1310
1181 1223
1181 1247
1182 1223
1182 1248
1183 1249
1183 1401
1184 1206
1184 1250
1185 1207
1185 1229
1186 1208
1186 1230
1187 1188
1187 1209
1187 1231
1188 1231
1188 1232
1189 1210
1189 1233
1190 1211
1190 1234
1191 1212
1191 1256
1192 1257
1193 1281
1193 1346
1193 1347
1194 1259
1194 1412
1195 1216
1196 1217
1196 1261
1197 1218
1197 1241
1198 1219
1198 1242
1199 1220
1199 1243
1200 1221
1201 1222
1202 1223
1202 1245
1202 1289
1203 1223
1204 1269
1204 1289
1205 1270
1205 1423
1206 1227
1206 1271
1207 1228
1207 1272
1208 1229
1208 1252
1209 1230
1209 1253
1210 1232
1210 1254
1211 1233
1211 1255
1212 1234
1212 1256
1213 1235
1213 1281
1214 1239
1214 1281
1214 1346
1215 1281
1215 1346
1215 1412
1216 1282
1217 1239
1217 1283
1218 1240
1218 1262
1219 1241
1219 1263
1220 1242
1220 1243
1220 1264
1221 1243
1221 1265
1222 1244
1223 1245
1224 1288
1224 1289
1224 1354
1225 1289
1225 1291
1226 1292
1226 1357
1227 1293
1227 1445
1228 1250
1228 1294
1229 1251
1229 1273
1230 1252
1230 1274
1231 1232
1231 1253
1231 1275
1232 1275
1232 1276
1233 1254
1233 1277
1234 1255
1234 1278
1235 1256
1235 1281
1236 1301
1237 1281
1237 1346
1237 1390
1238 1303
1238 1456
1239 1260
1240 1261
1240 1305
1241 1262
1241 1285
1242 1263
1242 1286
1243 1264
1243 1287
1244 1265
1245 1246
1245 1266
1246 1289
1246 1354
1247 1312
1248 1289
1248 1313
1249 1314
1249 1467
1250 1271
1250 1315
1251 1272
1251 1316
1252 1273
1252 1296
1253 1274
1253 1297
1254 1276
1254 1298
1255 1277
1255 1299
1256 1278
1256 1281
1257 1279
1257 1281
1258 1281
1258 1346
1258 1434
1259 1325
1259 1368
1260 1326
1261 1283
1261 1327
1262 1284
1262 1306
1263 1285
1263 1307
1264 1286
1264 1287
1264 1308
1265 1287
1265 1309
1266 1288
1267 1289
1267 1310
1267 1354
1268 1289
1268 1309
1268 1354
1269 1335
1269 1354
1270 1336
1270 1401
1271 1337
1271 1489
1272 1294
1272 1338
1273 1295
1273 1317
1274 1296
1274 1318
1275 1276
1275 1297
1275 1319
1276 1319
1276 1320
1277 1298
1277 1321
1278 1299
1278 1322
1279 1281
1279 1300
1280 1281
1280 1346
1280 1391
1281 1346
1282 1347
1282 1500
1283 1304
1283 1348
1284 1305
1284 1349
1285 1306
1285 1329
1286 1307
1286 1330
1287 1308
1287 1331
1288 1309
1289 1310
1289 1311
1290 1310
1290 1332
1290 1354
1291 1356
1292 1357
1292 1423
1293 1358
1293 1511
1294 1315
1294 1359
1295 1316
1295 1360
1296 1317
1296 1340
1297 1318
1297 1341
1298 1320
1298 1342
1299 1321
1299 1343
1300 1322
1300 1346
1301 1323
1301 1346
1302 1325
1302 1346
1302 1412
1303 1369
1304 1370
1304 1522
1305 1327
1305 1371
1306 1328
1306 1350
1307 1329
1307 1351
1308 1330
1308 1352
1309 1331
1310 1332
1311 1354
1311 1376
1312 1354
1312 1420
1313 1354
1313 1379
1314 1380
1314 1445
1315 1381
1315 1533
1316 1338
1316 1382
1317 1339
1317 1361
1318 1340
1318 1362
1319 1320
1319 1341
1319 1363
1320 1363
1320 1364
1321 1342
1321 1365
1322 1343
1322 1346
1323 1344
1323 1346
1324 1346
1324 1369
1324 1412
1325 1390
1326 1391
1326 1544
1327 1348
1327 1392
1328 1349
1328 1393
1329 1350
1329 1373
1330 1351
1330 1374
1331 1352
1331 1375
1332 1353
1333 1354
1333 1376
1333 1420
1334 1354
1334 1375
1334 1420
1335 1400
1336 1401
1336 1467
1337 1402
1337 1555
1338 1359
1338 1403
1339 1360
1339 1404
1340 1361
1340 1384
1341 1362
1341 1385
1342 1364
1342 1386
1343 1365
1343 1387
1344 1346
1344 1366
1345 1346
1345 1412
1345 1413
1346 1412
1347 1413
1348 1414
1348 1566
1349 1371
1349 1415
1350 1372
1350 1394
1351 1373
1351 1395
1352 1374
1352 1396
1353 1375
1353 1421
1354 1376
1354 1377
1355 1376
1355 1397
1355 1420
1356 1378
1356 1420
1357 1379
1357 1423
1358 1424
1358 1489
1359 1425
1359 1577
1360 1382
1360 1426
1361 1383
1361 1405
1362 1384
1362 1406
1363 1364
1363 1385
1363 1407
1364 1407
1364 1408
1365 1386
1365 1409
1366 1387
1366 1499
1367 1388
1367 1478
1367 1499
1368 1412
1368 1477
1369 1434
1370 1435
1371 1392
1371 1436
1372 1393
1372 1437
1373 1394
1373 1417
1374 1395
1374 1418
1375 1396
1376 1397
1376 1442
1377 1420
1377 1441
1378 1399
1378 1420
1379 1444
1380 1445
1380 1511
1381 1446
1382 1403
1382 1447
1383 1404
1383 1448
1384 1405
1384 1428
1385 1406
1385 1429
1386 1408
1386 1430
1387 1409
1387 1499
1388 1410
1388 1499
1389 1412
1389 1499
1389 1543
1390 1456
1391 1457
1392 1414
1392 1458
1393 1415
1393 1459
1394 1416
1394 1438
1395 1417
1395 1439
1396 1418
1396 1440
1397 1419
1398 1420
1398 1441
1398 1463
1399 1420
1399 1441
1400 1420
1400 1422
1401 1423
1401 1467
1402 1468
1402 1533
1403 1425
1403 1469
1404 1426
1404 1470
1405 1427
1405 1449
1406 1428
1406 1450
1407 1408
1407 1429
1407 1451
1408 1451
1408 1452
1409 1430
1409 1453
1410 1431
1410 1499
1411 1412
1411 1499
1411 1521
1412 1477
1413 1478
1414 1479
1415 1436
1415 1480
1416 1437
1416 1481
1417 1438
1417 1461
1418 1439
1418 1462
1419 1440
1419 1508
1420 1441
1420 1464
1421 1441
1421 1463
1422 1441
1422 1443
1423 1488
1424 1489
1424 1555
1425 1490
1426 1447
1426 1491
1427 1448
1427 1492
1428 1449
1428 1472
1429 1450
1429 1473
1430 1452
1430 1474
1431 1453
1431 1499
1432 1477
1432 1499
1433 1456
1433 1477
1433 1499
1434 1500
1435 1501
1435 1566
1436 1458
1436 1502
1437 1459
1437 1503
1438 1460
1438 1482
1439 1461
1439 1483
1440 1462
1440 1486
1441 1463
1441 1485
1442 1463
1442 1528
1443 1463
1443 1465
1444 1466
1444 1510
1445 1467
1445 1511
1446 1512
1446 1577
1447 1469
1447 1513
1448 1470
1448 1514
1449 1471
1449 1493
1450 1472
1450 1494
1451 1452
1451 1473
1451 1495
1452 1495
1452 1496
1453 1474
1453 1499
1454 1475
1454 1499
1454 1565
1455 1477
1455 1499
1455 1564
1456 1521
1457 1522
1458 1523
1459 1480
1459 1524
1460 1481
1460 1525
1461 1482
1461 1505
1462 1483
1462 1573
1463 1484
1463 1551
1464 1484
1464 1528
1465 1484
1465 1528
1466 1487
1466 1531
1467 1532
1468 1533
1468 1555
1469 1534
1470 1491
1470 1535
1471 1492
1471 1536
1472 1493
1472 1516
1473 1494
1473 1517
1474 1496
1474 1499
1475 1497
1475 1499
1476 1477
1476 1499
1476 1564
1477 1499
1478 1544
1479 1545
1479 1566
1480 1502
1480 1546
1481 1503
1481 1547
1482 1504
1482 1526
1483 1505
1483 1527
1484 1506
1484 1529
1485 1528
1485 1550
1486 1528
1486 1550
1487 1509
1487 1528
1488 1510
1488 1554
1489 1511
1489 1555
1490 1556
1490 1577
1491 1513
1491 1557
1492 1514
1492 1558
1493 1515
1493 1537
1494 1516
1494 1538
1495 1496
1495 1517
1495 1539
1496 1539
1496 1540
1497 1499
1497 1518
1498 1499
1498 1564
1499 1520
1500 1565
1501 1522
1501 1566
1502 1567
1503 1524
1503 1568
1504 1525
1504 1569
1505 1526
1505 1549
1506 1527
1507 1528
1507 1550
1507 1571
1508 1528
1508 1550
1509 1528
1509 1530
1510 1531
1510 1575
1511 1576
1512 1533
1512 1577
1513 1578
1514 1535
1514 1579
1515 1536
1515 1580
1516 1537
1516 1560
1517 1538
1517 1561
1518 1540
1518 1564
1519 1543
1519 1564
1520 1543
1520 1564
1521 1543
1523 1545
1524 1546
1525 1547
1525 1569
1526 1548
1526 1570
1527 1549
1528 1550
1528 1572
1529 1550
1529 1571
1530 1550
1530 1552
1531 1553
1531 1575
1532 1554
1532 1576
1533 1555
1534 1556
1535 1557
1536 1558
1536 1580
1537 1559
1537 1581
1538 1560
1538 1582
1539 1540
1539 1561
1539 1583
1540 1564
1540 1583
1541 1543
1541 1564
1542 1543
1542 1564
1543 1564
1545 1566
1547 1568
1547 1569
1548 1569
1548 1570
1549 1570
1550 1571
1551 1570
1551 1571
1552 1571
1552 1573
1553 1574
1553 1575
1554 1575
1554 1576
1556 1577
1558 1579
1558 1580
1559 1580
1559 1581
1560 1581
1560 1582
1561 1582
1561 1583
1562 1564
1563 1564
1563 1565
1566 1567
1567 1568
1568 1569
1569 1570
1572 1573
1572 1574
1573 1574
1573 1575
1574 1575
1575 1576
1576 1577
1577 1578
1578 1579
1579 1580
1580 1581
1581 1582
1582 1583
