0 87
0 1366
0 1518
1 66
1 1454
1 1519
2 67
2 220
2 1520
3 24
3 68
3 1565
4 25
4 69
4 1566
5 26
5 50
5 1567
6 1524
6 1546
6 1567
7 1503
7 1523
7 1524
8 29
8 1503
8 1570
9 30
9 1549
9 1571
10 31
10 1528
10 1572
11 76
11 1377
11 1529
12 77
12 1465
12 1530
13 78
13 231
13 1531
14 35
14 79
14 1576
15 36
15 80
15 1577
16 37
16 1556
16 1578
17 38
17 150
17 1579
18 128
18 150
18 1580
19 20
19 64
19 107
20 41
20 1560
20 1582
21 42
21 1429
21 1583
22 88
22 1475
22 1541
23 89
23 154
23 1542
24 90
24 242
25 47
25 91
26 48
26 158
27 49
27 1546
27 1567
28 1502
28 1524
28 1546
29 51
29 1503
30 52
30 1503
31 53
31 1550
32 54
32 98
32 1551
33 99
33 1486
33 1552
34 100
34 165
34 1553
35 101
35 253
36 58
36 102
37 59
37 81
38 60
38 150
39 61
39 128
39 150
40 107
40 128
40 172
41 85
41 107
42 64
42 1516
43 65
43 992
43 1540
44 131
44 1410
44 1562
45 110
45 1498
45 1563
46 111
46 264
46 1564
47 68
47 112
48 69
48 137
49 70
49 159
50 1546
50 1567
51 1503
51 1524
52 73
52 1503
53 74
53 97
54 75
54 1572
55 120
55 1421
55 1573
56 121
56 1509
56 1574
57 122
57 275
57 1575
58 79
58 123
59 80
59 124
60 81
60 104
61 82
61 150
62 128
62 150
62 151
63 85
63 107
63 128
64 85
65 86
65 971
66 132
66 1519
67 133
67 198
68 134
68 286
69 91
69 224
70 92
70 114
71 701
71 1546
71 1567
72 94
72 1524
72 1546
73 95
73 1503
74 96
74 118
75 97
75 119
76 98
76 142
77 143
77 1530
78 144
78 209
79 145
79 297
80 102
80 146
81 103
81 125
82 104
82 150
83 128
83 150
83 216
84 107
84 128
84 150
85 107
85 1581
86 108
86 949
87 109
87 153
88 175
88 1454
89 154
89 1542
90 155
90 308
91 112
91 202
92 93
92 113
93 157
93 701
94 1546
94 1566
95 1503
95 1524
96 117
96 140
97 118
97 141
98 119
98 163
99 164
99 1465
100 165
100 1553
101 166
101 319
102 123
102 167
103 124
103 168
104 125
104 258
105 126
105 128
105 150
106 107
106 128
106 150
107 128
108 129
108 1559
109 130
109 174
110 176
110 1563
111 177
111 242
112 178
112 594
113 135
113 180
114 157
114 680
115 157
115 701
115 1545
116 138
116 1524
116 1546
117 139
117 161
118 140
118 162
119 141
119 163
120 142
120 186
121 187
121 1574
122 188
122 253
123 189
123 341
124 146
124 190
125 147
125 258
126 148
126 150
127 128
127 150
127 215
128 150
129 151
129 1537
130 152
130 174
131 153
131 197
132 219
132 1498
133 198
133 264
134 199
134 352
135 156
135 245
136 157
136 179
136 658
137 157
137 701
138 157
138 159
139 160
139 183
140 161
140 184
141 162
141 185
142 163
142 207
143 208
143 1509
144 209
144 275
145 210
145 363
146 167
146 211
147 168
147 258
148 169
148 258
149 150
149 194
149 237
150 171
151 172
152 173
152 196
153 174
153 218
154 220
154 1542
155 221
155 286
156 222
156 311
157 179
157 201
158 179
158 680
159 701
160 182
160 204
160 701
161 183
161 205
162 184
162 206
163 185
163 207
164 186
164 230
165 231
165 1553
166 232
166 297
167 233
167 385
168 190
168 234
169 191
169 258
170 237
170 258
170 259
171 194
171 215
172 194
173 195
173 217
174 196
174 218
175 197
175 241
176 263
176 1542
177 242
177 308
178 243
178 396
179 200
179 267
180 244
180 310
181 202
181 244
181 310
182 203
182 701
183 204
183 227
184 205
184 228
185 206
185 229
186 207
186 251
187 252
187 1553
188 253
188 319
189 254
189 407
190 211
190 255
191 212
191 258
192 237
192 238
192 258
193 215
193 237
193 258
194 215
195 216
195 239
196 217
196 240
197 218
197 262
198 264
198 1564
199 265
199 703
200 266
200 332
201 244
201 310
202 244
203 225
203 244
204 226
204 248
204 1007
205 227
205 249
206 228
206 250
207 229
207 251
208 230
208 274
209 275
209 1575
210 276
210 341
211 277
211 429
212 234
212 258
213 235
213 237
213 258
214 215
214 237
214 258
215 237
216 238
217 239
217 261
218 240
218 262
219 241
219 285
220 307
221 286
221 352
222 287
222 440
223 244
223 310
223 462
224 244
224 310
225 244
225 246
226 247
226 270
227 248
227 271
228 249
228 272
229 250
229 273
230 251
230 295
231 296
232 297
232 363
233 298
233 451
234 255
234 258
235 256
235 258
236 237
236 258
236 302
237 258
238 259
239 260
239 283
240 261
240 284
241 262
241 306
242 264
242 308
243 309
243 376
244 288
244 462
245 310
245 462
246 268
246 310
247 269
247 291
248 270
248 292
248 1051
249 271
249 293
250 272
250 294
251 273
251 295
252 274
252 318
253 275
253 319
254 320
254 385
255 321
255 473
256 258
256 278
257 258
257 281
257 324
258 280
259 281
260 282
260 304
261 283
261 305
262 284
262 306
263 285
263 329
264 351
265 289
265 330
266 331
266 484
267 310
267 462
268 289
268 310
269 290
269 310
270 291
270 314
271 292
271 315
272 293
272 316
273 294
273 317
274 295
274 339
275 340
276 341
276 407
277 342
277 495
278 299
278 411
279 324
279 325
279 411
280 302
280 324
281 302
282 303
282 326
283 304
283 327
284 305
284 328
285 306
285 350
286 352
286 660
287 353
287 485
288 310
288 528
289 310
290 310
290 312
291 313
291 335
292 314
292 336
292 1095
293 315
293 337
294 316
294 338
295 317
295 339
296 318
296 362
297 319
297 363
298 364
298 429
299 365
299 411
300 322
300 324
300 411
301 302
301 324
301 411
302 324
303 325
303 822
304 326
304 348
305 327
305 349
306 328
306 350
307 329
307 373
308 395
309 374
309 398
310 375
310 441
310 528
311 462
311 528
312 333
312 397
313 334
313 357
314 335
314 358
315 336
315 359
316 337
316 360
317 338
317 361
318 339
318 383
319 384
320 385
320 451
321 386
321 539
322 343
322 411
323 324
323 368
323 411
324 345
325 346
326 347
326 370
327 348
327 371
328 349
328 372
329 350
329 394
330 396
330 463
331 354
331 397
332 462
332 528
333 355
333 462
334 356
334 378
335 357
335 379
336 358
336 380
336 1139
337 359
337 381
338 360
338 382
339 361
339 383
340 362
340 406
341 363
341 407
342 408
342 473
343 409
343 411
344 346
344 389
344 411
345 389
345 411
346 368
347 369
347 391
348 370
348 392
349 371
349 393
350 372
350 394
351 373
351 417
352 439
353 418
353 419
354 462
354 528
355 376
355 528
356 377
356 397
357 378
357 401
358 379
358 402
359 380
359 403
360 381
360 404
361 382
361 405
362 383
362 427
363 428
364 429
364 495
365 430
365 583
366 387
366 389
366 411
367 368
367 389
367 411
368 389
369 390
369 802
370 391
370 414
371 392
371 415
372 393
372 416
373 394
373 438
374 440
374 550
375 462
375 528
376 528
377 399
377 462
378 400
378 422
379 401
379 423
380 402
380 424
380 1183
381 403
381 425
382 404
382 426
383 405
383 427
384 406
384 450
385 407
385 451
386 411
386 452
387 411
387 453
388 389
388 411
388 455
389 411
390 410
390 412
391 413
391 435
392 414
392 436
393 415
393 437
394 416
394 438
395 417
395 461
396 483
397 462
397 506
398 462
398 528
399 420
399 528
400 421
400 465
401 422
401 445
402 423
402 446
403 424
403 447
404 425
404 448
405 426
405 449
406 427
406 471
407 472
408 473
408 539
409 474
409 627
410 411
410 455
411 432
412 433
412 519
413 434
413 457
414 435
414 458
415 436
415 459
416 437
416 460
417 438
417 482
418 484
418 572
419 462
419 528
420 486
420 528
421 443
421 462
422 444
422 466
423 445
423 467
424 446
424 468
424 1227
425 447
425 469
426 448
426 470
427 449
427 471
428 450
428 494
429 451
429 495
430 455
430 496
431 455
431 497
431 520
432 455
432 955
433 454
433 455
434 456
434 475
435 457
435 479
436 458
436 480
437 459
437 481
438 460
438 482
439 442
439 461
440 527
441 462
441 528
442 507
442 528
443 464
443 528
444 465
444 509
445 466
445 489
446 467
446 490
447 468
447 491
448 469
448 492
449 470
449 493
450 471
450 515
451 516
452 517
452 583
453 518
453 671
454 455
454 520
455 476
455 498
456 477
456 585
457 478
457 501
458 479
458 502
459 480
459 503
460 481
460 504
461 482
461 526
462 528
463 528
463 571
464 528
464 530
465 487
465 531
466 488
466 510
467 489
467 511
468 490
468 512
468 1271
469 491
469 513
470 492
470 514
471 493
471 515
472 494
472 538
473 495
473 539
474 520
474 540
475 520
475 955
476 520
476 955
477 499
477 629
478 500
478 716
479 501
479 523
479 1260
480 502
480 524
481 503
481 525
482 504
482 526
483 505
483 616
484 571
485 528
485 571
486 551
486 704
487 508
487 528
488 509
488 553
489 510
489 533
490 511
490 534
491 512
491 535
492 513
492 536
493 514
493 537
494 515
494 559
495 516
495 560
496 520
496 561
497 562
497 715
498 520
498 955
499 520
499 563
500 521
500 804
501 522
501 545
502 523
502 546
503 524
503 547
504 525
504 548
505 526
505 529
506 528
506 571
507 528
507 573
508 528
508 574
509 531
509 575
510 532
510 554
511 533
511 555
512 534
512 556
512 1315
513 535
513 557
514 536
514 558
515 537
515 559
516 538
516 582
517 583
517 955
518 520
518 584
519 520
519 955
520 542
520 607
521 543
521 738
522 544
522 566
523 545
523 567
524 546
524 568
525 547
525 569
526 548
526 570
527 549
527 659
528 615
529 571
529 658
530 595
530 748
531 552
531 596
532 553
532 597
533 554
533 577
534 555
534 578
535 556
535 579
536 557
536 580
537 558
537 581
538 559
538 603
539 604
540 605
540 955
541 606
541 759
541 955
542 564
542 978
543 564
543 673
544 565
544 694
545 566
545 589
546 567
546 590
547 568
547 591
548 569
548 592
549 570
549 746
550 571
550 593
551 571
551 617
552 618
552 770
553 575
553 619
554 576
554 598
555 577
555 599
556 578
556 600
556 1359
557 579
557 601
558 580
558 602
559 581
559 603
560 582
560 626
561 627
561 955
562 628
562 955
563 564
563 978
564 586
564 717
565 587
565 782
566 588
566 1089
567 589
567 611
567 1348
568 590
568 612
569 591
569 613
570 592
570 725
571 593
571 637
572 593
572 658
573 638
573 658
574 639
574 792
575 596
575 640
576 597
576 641
577 598
577 621
578 599
578 622
579 600
579 623
580 601
580 624
581 602
581 625
582 603
582 647
583 648
584 649
584 955
585 630
585 955
586 630
586 978
587 608
587 826
588 609
588 980
589 610
589 633
590 611
590 634
591 612
591 635
592 613
592 811
593 614
593 681
594 658
594 680
595 658
595 661
596 662
596 814
597 619
597 663
598 620
598 642
599 621
599 643
600 622
600 644
600 1403
601 623
601 645
602 624
602 646
603 625
603 647
604 626
604 670
605 671
605 955
606 672
606 955
607 630
607 978
608 630
608 761
609 631
609 936
610 632
610 958
611 633
611 655
612 634
612 656
613 635
613 854
614 636
614 768
615 658
615 680
616 658
616 680
617 658
617 682
618 683
618 836
619 640
619 684
620 641
620 685
621 642
621 665
622 643
622 666
623 644
623 667
624 645
624 668
625 646
625 669
626 647
626 691
627 692
628 693
628 955
629 630
629 978
630 651
630 695
631 652
631 870
632 653
632 914
633 654
633 915
634 655
634 853
635 656
635 832
636 657
636 789
637 658
637 680
638 658
638 704
639 705
639 770
640 706
640 858
641 663
641 707
642 664
642 686
643 665
643 687
644 666
644 688
644 1447
645 667
645 689
646 668
646 690
647 669
647 691
648 670
648 954
649 715
649 955
650 955
650 978
650 1129
651 674
651 1022
652 674
652 805
653 675
653 893
654 676
654 894
655 677
655 873
656 678
656 831
657 679
657 788
658 680
658 702
659 680
659 701
660 680
660 747
661 726
661 792
662 727
662 880
663 684
663 728
664 685
664 729
665 686
665 709
666 687
666 710
667 688
667 711
668 689
668 712
669 690
669 713
670 691
670 954
671 736
672 737
672 955
673 674
673 978
674 695
674 739
675 696
675 849
676 697
676 872
677 698
677 852
678 699
678 810
679 700
679 767
680 701
680 724
681 700
681 701
682 704
682 748
683 749
683 814
684 750
684 902
685 707
685 751
686 708
686 730
687 709
687 731
688 710
688 732
688 1491
689 711
689 733
690 712
690 734
691 713
691 953
692 714
692 954
693 759
693 955
694 978
694 1022
695 718
696 718
696 827
697 719
697 871
698 720
698 851
699 721
699 830
700 722
700 744
701 723
701 745
702 722
702 1567
703 725
703 769
704 791
705 770
705 836
706 771
706 924
707 728
707 772
708 729
708 773
709 730
709 753
710 731
710 754
711 732
711 755
712 733
712 756
713 734
713 953
714 735
714 953
715 780
716 955
716 978
717 718
717 1022
718 739
718 783
719 740
719 850
720 741
720 829
721 742
721 809
722 743
722 766
723 1546
723 1567
724 1566
724 1567
725 1566
725 1567
726 748
726 792
727 793
727 858
728 794
728 946
729 751
729 795
730 752
730 774
731 753
731 775
732 754
732 776
732 1535
733 755
733 777
734 756
734 953
735 757
735 954
736 758
736 955
737 803
737 955
738 978
738 1022
739 1110
740 762
740 806
741 763
741 807
742 764
742 786
743 765
743 787
744 1546
744 1567
745 1546
745 1567
746 1566
746 1567
747 769
747 813
748 835
749 814
749 880
750 815
750 968
751 772
751 816
752 773
752 817
753 774
753 797
754 775
754 798
755 974
755 995
756 777
756 953
757 778
757 953
758 779
758 954
759 955
760 978
760 999
760 1152
761 978
761 1066
762 1154
762 1219
763 784
763 828
764 785
764 808
765 1503
765 1524
766 1524
766 1546
767 1546
767 1567
768 1546
768 1567
769 790
769 834
770 792
770 836
771 837
771 902
772 838
772 990
773 795
773 1342
774 796
774 1517
775 797
775 1517
776 798
776 974
776 995
777 799
777 974
778 800
778 953
779 801
779 954
780 955
780 977
781 955
781 978
781 1085
782 978
782 1022
783 1110
783 1154
784 1219
784 1285
785 1350
785 1416
786 1416
786 1503
787 1503
787 1524
788 1546
788 1567
789 1546
789 1567
790 812
790 834
791 813
791 857
792 879
793 858
793 924
794 859
794 1012
795 816
795 1342
796 817
796 1342
797 818
797 1517
798 819
798 974
799 974
799 995
800 821
800 953
801 953
801 954
802 954
802 955
803 955
803 1064
804 978
804 1022
805 1022
805 1110
806 1154
806 1219
807 1285
807 1350
808 1416
808 1437
809 1503
809 1524
810 1524
810 1546
811 1546
811 1567
812 833
812 1567
813 834
813 878
814 836
814 880
815 881
815 946
816 882
816 1342
817 839
817 1342
818 840
818 1517
819 841
819 1038
820 842
820 974
820 995
821 843
821 974
822 953
822 975
823 954
823 976
823 1063
824 955
824 977
824 1042
825 978
825 1022
825 1108
826 1022
826 1066
827 1154
827 1219
828 1285
828 1350
829 1350
829 1416
830 1503
830 1524
831 1503
831 1524
832 1546
832 1567
833 855
833 1567
834 856
834 878
835 857
835 901
836 923
837 902
837 968
838 903
838 1056
839 860
839 1342
840 861
840 1124
841 862
841 1060
842 863
842 974
843 974
843 995
844 953
844 975
844 1062
845 953
845 954
845 1041
846 955
846 977
846 1020
847 955
847 978
847 1021
848 1022
848 1066
848 1130
849 1066
849 1154
850 1219
850 1285
851 1350
851 1416
852 1416
852 1503
853 1503
853 1524
854 1524
854 1546
855 876
855 1567
856 877
856 900
857 878
857 922
858 880
858 924
859 925
859 990
860 926
860 1342
861 883
861 1342
862 884
862 1081
863 885
863 1017
864 974
864 995
864 1083
865 953
865 975
865 1040
866 953
866 954
866 1019
867 954
867 977
867 998
868 955
868 978
868 999
869 978
869 1022
869 1086
870 1066
870 1110
871 1154
871 1219
872 1285
872 1350
873 1416
873 1437
874 896
874 1503
874 1524
875 897
875 1503
875 1524
876 898
876 1567
877 899
877 921
878 900
878 922
879 901
879 945
880 967
881 946
881 1012
882 947
882 1100
883 904
883 1342
884 905
884 1103
885 906
885 1038
886 974
886 995
886 1039
887 974
887 975
887 1018
888 953
888 975
888 997
889 954
889 976
889 977
890 955
890 977
890 999
891 978
891 1022
891 1065
892 1066
892 1110
892 1174
893 1110
893 1154
894 1285
894 1350
895 916
895 1350
895 1416
896 917
896 1503
897 918
897 1503
898 1524
898 1546
899 920
899 943
900 921
900 944
901 922
901 966
902 924
902 968
903 969
903 1342
904 970
904 1342
905 927
905 1124
906 1103
906 1148
907 995
907 1017
907 1061
908 974
908 995
908 996
909 953
909 975
909 996
910 953
910 954
910 976
911 954
911 955
911 977
912 955
912 978
912 999
913 1022
913 1066
913 1109
914 1110
914 1154
915 1219
915 1285
916 938
916 1416
917 939
917 1416
918 940
918 1503
919 941
919 1503
919 1524
920 942
920 964
921 943
921 965
922 944
922 966
923 945
923 989
924 1011
925 990
925 1056
926 991
926 1144
927 948
927 1124
928 1103
928 1104
928 1124
929 1017
929 1038
929 1082
930 974
930 995
930 1017
931 953
931 975
931 996
932 953
932 976
932 997
933 954
933 977
933 998
934 955
934 978
934 999
935 1022
935 1043
935 1066
936 1110
936 1154
937 1002
937 1154
937 1155
938 959
938 1350
939 960
939 1416
940 961
940 1503
941 962
941 1503
942 963
942 986
943 964
943 987
944 965
944 988
945 966
945 1010
946 968
946 1012
947 1013
947 1342
948 1014
948 1124
949 1103
949 1124
950 1060
950 1081
950 1125
951 974
951 995
951 1017
952 974
952 975
952 996
953 975
954 976
955 977
956 978
956 1022
956 1043
957 1066
957 1110
957 1153
958 1110
958 1154
959 1025
959 1285
960 982
960 1416
961 983
961 1503
962 984
962 1503
963 985
963 986
963 1007
964 986
964 1008
965 987
965 1009
966 988
966 1010
967 989
967 1033
968 1055
969 1034
969 1342
970 1035
970 1188
971 1124
971 1190
972 1060
972 1081
972 1103
973 995
973 1017
973 1038
974 995
975 996
976 997
977 998
978 999
979 1066
979 1087
979 1110
980 1110
980 1154
981 1046
981 1154
981 1199
982 1003
982 1416
983 1004
983 1416
984 1005
984 1503
985 1006
985 1029
986 1007
986 1030
987 1008
987 1031
988 1009
988 1032
989 1010
989 1054
990 1012
990 1056
991 1057
991 1124
992 1124
992 1190
993 1103
993 1124
993 1147
994 1017
994 1038
994 1060
995 1017
996 1018
997 1019
998 1020
999 1021
1000 1022
1000 1066
1000 1087
1001 1110
1001 1154
1001 1197
1002 1068
1002 1154
1003 1069
1003 1350
1004 1026
1004 1416
1005 1027
1005 1503
1006 1028
1006 1050
1007 1029
1007 1030
1007 1051
1008 1030
1008 1052
1009 1031
1009 1053
1010 1032
1010 1054
1011 1033
1011 1077
1012 1099
1013 1078
1013 1124
1014 1079
1014 1232
1015 1103
1015 1124
1015 1191
1016 1060
1016 1081
1016 1103
1017 1038
1018 1039
1019 1040
1020 1041
1021 1042
1022 1043
1023 1110
1023 1131
1023 1154
1024 1154
1024 1196
1024 1219
1025 1090
1025 1243
1026 1047
1026 1416
1027 1048
1027 1503
1028 1049
1028 1072
1029 1050
1029 1073
1030 1051
1030 1074
1031 1052
1031 1075
1032 1053
1032 1076
1033 1054
1033 1098
1034 1100
1034 1342
1035 1101
1035 1124
1036 1124
1036 1169
1036 1190
1037 1081
1037 1103
1037 1124
1038 1060
1039 1061
1040 1062
1041 1063
1042 1064
1043 1065
1044 1066
1044 1110
1044 1131
1045 1154
1045 1218
1045 1219
1046 1112
1046 1219
1047 1113
1047 1350
1048 1070
1048 1416
1049 1071
1049 1093
1050 1072
1050 1094
1051 1073
1051 1074
1051 1095
1052 1074
1052 1096
1053 1075
1053 1097
1054 1076
1054 1098
1055 1077
1055 1121
1056 1143
1057 1122
1057 1124
1058 1124
1058 1190
1058 1453
1059 1103
1059 1124
1059 1168
1060 1081
1061 1082
1062 1083
1063 1084
1064 1085
1065 1086
1066 1087
1067 1110
1067 1154
1067 1175
1068 1133
1068 1154
1069 1134
1069 1287
1070 1091
1070 1416
1071 1092
1071 1136
1072 1093
1072 1116
1073 1094
1073 1117
1074 1095
1074 1118
1075 1096
1075 1119
1076 1097
1076 1120
1077 1098
1077 1142
1078 1124
1078 1190
1079 1124
1079 1145
1080 1124
1080 1190
1080 1299
1081 1103
1082 1104
1083 1105
1084 1106
1084 1128
1085 1107
1086 1108
1087 1109
1088 1110
1088 1154
1088 1175
1089 1154
1089 1219
1090 1156
1090 1219
1091 1157
1091 1416
1092 1114
1092 1158
1093 1115
1093 1137
1094 1116
1094 1138
1095 1117
1095 1118
1095 1139
1096 1118
1096 1140
1097 1119
1097 1141
1098 1120
1098 1142
1099 1121
1099 1165
1100 1187
1101 1124
1101 1166
1102 1124
1102 1190
1102 1212
1103 1124
1104 1125
1105 1126
1105 1149
1106 1127
1106 1150
1107 1128
1107 1151
1108 1129
1109 1130
1110 1131
1111 1154
1111 1219
1111 1262
1112 1177
1112 1219
1113 1178
1113 1331
1114 1135
1114 1179
1115 1136
1115 1180
1116 1137
1116 1160
1117 1138
1117 1161
1118 1139
1118 1162
1119 1140
1119 1163
1120 1141
1120 1164
1121 1142
1121 1186
1122 1124
1122 1188
1123 1124
1123 1256
1123 1342
1124 1146
1124 1190
1125 1147
1126 1148
1126 1170
1127 1149
1127 1171
1128 1150
1128 1151
1128 1172
1129 1151
1130 1152
1131 1153
1132 1154
1132 1175
1132 1219
1133 1154
1133 1219
1134 1200
1134 1219
1135 1201
1135 1353
1136 1158
1136 1202
1137 1159
1137 1181
1138 1160
1138 1182
1139 1161
1139 1162
1139 1183
1140 1162
1140 1184
1141 1163
1141 1185
1142 1164
1142 1186
1143 1165
1143 1209
1144 1190
1144 1231
1145 1342
1145 1518
1146 1190
1146 1342
1147 1168
1148 1169
1149 1170
1149 1193
1150 1171
1150 1194
1151 1172
1151 1195
1152 1173
1153 1174
1154 1175
1155 1219
1155 1284
1156 1221
1156 1285
1157 1222
1157 1375
1158 1179
1158 1223
1159 1180
1159 1224
1160 1181
1160 1204
1161 1182
1161 1205
1162 1183
1162 1206
1163 1184
1163 1207
1164 1185
1164 1208
1165 1186
1165 1230
1166 1232
1166 1342
1167 1190
1167 1342
1167 1365
1168 1234
1169 1191
1170 1192
1170 1214
1171 1193
1171 1215
1172 1194
1172 1195
1172 1216
1173 1195
1173 1217
1174 1196
1175 1197
1176 1219
1176 1241
1176 1285
1177 1219
1177 1243
1178 1219
1178 1244
1179 1245
1179 1397
1180 1202
1180 1246
1181 1203
1181 1225
1182 1204
1182 1226
1183 1205
1183 1206
1183 1227
1184 1206
1184 1228
1185 1207
1185 1229
1186 1208
1186 1230
1187 1190
1187 1209
1188 1275
1189 1342
1189 1343
1189 1408
1190 1255
1190 1408
1191 1212
1192 1213
1192 1257
1193 1214
1193 1237
1194 1215
1194 1238
1195 1216
1195 1239
1196 1217
1197 1218
1198 1219
1198 1241
1198 1285
1199 1219
1199 1240
1200 1265
1200 1285
1201 1266
1201 1419
1202 1223
1202 1267
1203 1224
1203 1268
1204 1225
1204 1248
1205 1226
1205 1249
1206 1227
1206 1250
1207 1228
1207 1251
1208 1229
1208 1252
1209 1230
1209 1274
1210 1235
1210 1342
1210 1408
1211 1255
1211 1342
1211 1408
1212 1278
1213 1235
1213 1279
1214 1236
1214 1258
1215 1237
1215 1259
1216 1238
1216 1260
1217 1239
1217 1261
1218 1240
1219 1241
1220 1285
1220 1328
1220 1350
1221 1285
1221 1287
1222 1288
1222 1353
1223 1289
1223 1441
1224 1246
1224 1290
1225 1247
1225 1269
1226 1248
1226 1270
1227 1249
1227 1250
1227 1271
1228 1250
1228 1272
1229 1251
1229 1273
1230 1252
1230 1274
1231 1253
1231 1342
1232 1319
1233 1342
1233 1386
1233 1408
1234 1299
1234 1452
1235 1256
1236 1257
1236 1301
1237 1258
1237 1281
1238 1259
1238 1282
1239 1260
1239 1283
1240 1261
1241 1242
1241 1262
1242 1285
1242 1350
1243 1308
1244 1285
1244 1309
1245 1310
1245 1463
1246 1267
1246 1311
1247 1268
1247 1312
1248 1269
1248 1292
1249 1270
1249 1293
1250 1271
1250 1294
1251 1272
1251 1295
1252 1273
1252 1296
1253 1274
1253 1342
1254 1342
1254 1408
1254 1430
1255 1321
1255 1364
1256 1322
1257 1279
1257 1323
1258 1280
1258 1302
1259 1281
1259 1303
1260 1282
1260 1283
1260 1304
1261 1283
1261 1305
1262 1284
1263 1285
1263 1306
1263 1350
1264 1285
1264 1305
1264 1350
1265 1331
1265 1350
1266 1332
1266 1397
1267 1333
1267 1485
1268 1290
1268 1334
1269 1291
1269 1313
1270 1292
1270 1314
1271 1293
1271 1294
1271 1315
1272 1294
1272 1316
1273 1295
1273 1317
1274 1296
1274 1318
1275 1297
1275 1342
1276 1342
1276 1387
1276 1408
1277 1321
1277 1342
1277 1408
1278 1343
1278 1496
1279 1300
1279 1344
1280 1301
1280 1345
1281 1302
1281 1325
1282 1303
1282 1326
1283 1304
1283 1327
1284 1305
1285 1306
1285 1307
1286 1306
1286 1350
1286 1416
1287 1352
1288 1353
1288 1419
1289 1354
1289 1507
1290 1311
1290 1355
1291 1312
1291 1356
1292 1313
1292 1336
1293 1314
1293 1337
1294 1315
1294 1338
1295 1316
1295 1339
1296 1317
1296 1340
1297 1318
1297 1342
1298 1321
1298 1342
1298 1408
1299 1365
1300 1366
1300 1518
1301 1323
1301 1367
1302 1324
1302 1346
1303 1325
1303 1347
1304 1326
1304 1327
1304 1348
1305 1327
1306 1328
1307 1350
1307 1372
1308 1350
1308 1416
1309 1350
1309 1375
1310 1376
1310 1441
1311 1377
1311 1529
1312 1334
1312 1378
1313 1335
1313 1357
1314 1336
1314 1358
1315 1337
1315 1338
1315 1359
1316 1338
1316 1360
1317 1339
1317 1361
1318 1340
1318 1342
1319 1341
1319 1342
1320 1342
1320 1408
1320 1539
1321 1386
1322 1387
1322 1540
1323 1344
1323 1388
1324 1345
1324 1389
1325 1346
1325 1369
1326 1347
1326 1370
1327 1348
1327 1371
1328 1349
1329 1350
1329 1372
1329 1416
1330 1349
1330 1350
1330 1416
1331 1396
1332 1397
1332 1463
1333 1398
1333 1551
1334 1355
1334 1399
1335 1356
1335 1400
1336 1357
1336 1380
1337 1358
1337 1381
1338 1359
1338 1382
1339 1360
1339 1383
1340 1342
1340 1361
1341 1342
1341 1362
1342 1408
1343 1409
1344 1410
1344 1562
1345 1367
1345 1411
1346 1368
1346 1390
1347 1369
1347 1391
1348 1370
1348 1392
1349 1371
1350 1372
1350 1373
1351 1372
1351 1416
1351 1437
1352 1374
1352 1416
1353 1375
1353 1419
1354 1420
1354 1485
1355 1421
1355 1573
1356 1378
1356 1422
1357 1379
1357 1401
1358 1380
1358 1402
1359 1381
1359 1382
1359 1403
1360 1382
1360 1404
1361 1383
1361 1405
1362 1384
1362 1517
1363 1408
1363 1409
1363 1517
1364 1408
1364 1495
1365 1430
1366 1431
1367 1388
1367 1432
1368 1389
1368 1433
1369 1390
1369 1413
1370 1391
1370 1414
1371 1392
1371 1395
1372 1393
1373 1416
1373 1437
1374 1416
1374 1437
1375 1440
1376 1441
1376 1507
1377 1442
1378 1399
1378 1443
1379 1400
1379 1444
1380 1401
1380 1424
1381 1402
1381 1425
1382 1403
1382 1426
1383 1404
1383 1427
1384 1405
1384 1517
1385 1406
1385 1474
1385 1517
1386 1452
1387 1453
1388 1410
1388 1454
1389 1411
1389 1455
1390 1412
1390 1434
1391 1413
1391 1435
1392 1414
1392 1436
1393 1415
1393 1417
1394 1416
1394 1437
1394 1459
1395 1416
1395 1437
1396 1416
1396 1418
1397 1419
1397 1463
1398 1464
1398 1529
1399 1421
1399 1465
1400 1422
1400 1466
1401 1423
1401 1445
1402 1424
1402 1446
1403 1425
1403 1426
1403 1447
1404 1426
1404 1448
1405 1427
1405 1517
1406 1428
1406 1517
1407 1408
1407 1517
1407 1561
1408 1495
1409 1474
1410 1475
1411 1432
1411 1476
1412 1433
1412 1477
1413 1434
1413 1457
1414 1435
1414 1458
1415 1436
1415 1482
1416 1437
1416 1460
1417 1437
1417 1503
1418 1437
1418 1439
1419 1484
1420 1485
1420 1551
1421 1486
1422 1443
1422 1487
1423 1444
1423 1488
1424 1445
1424 1468
1425 1446
1425 1469
1426 1447
1426 1470
1427 1448
1427 1471
1428 1449
1428 1517
1429 1495
1429 1517
1430 1496
1431 1497
1431 1562
1432 1454
1432 1498
1433 1455
1433 1499
1434 1456
1434 1478
1435 1457
1435 1479
1436 1458
1436 1569
1437 1438
1437 1459
1438 1459
1438 1503
1439 1461
1439 1503
1440 1462
1440 1506
1441 1463
1441 1507
1442 1508
1442 1573
1443 1465
1443 1509
1444 1466
1444 1510
1445 1467
1445 1489
1446 1468
1446 1490
1447 1469
1447 1470
1447 1491
1448 1470
1448 1492
1449 1471
1449 1517
1450 1472
1450 1517
1450 1583
1451 1452
1451 1495
1451 1517
1452 1539
1453 1518
1454 1519
1455 1476
1455 1520
1456 1477
1456 1521
1457 1478
1457 1501
1458 1479
1458 1502
1459 1480
1459 1525
1460 1503
1460 1524
1461 1503
1461 1524
1462 1483
1462 1503
1463 1528
1464 1529
1464 1551
1465 1530
1466 1487
1466 1531
1467 1488
1467 1532
1468 1489
1468 1512
1469 1490
1469 1513
1470 1491
1470 1514
1471 1492
1471 1517
1472 1493
1472 1517
1473 1495
1473 1517
1473 1582
1474 1540
1475 1541
1475 1562
1476 1498
1476 1542
1477 1499
1477 1543
1478 1500
1478 1522
1479 1501
1479 1523
1480 1502
1480 1504
1481 1503
1481 1524
1481 1546
1482 1503
1482 1524
1483 1503
1483 1505
1484 1506
1484 1550
1485 1507
1485 1551
1486 1552
1486 1573
1487 1509
1487 1553
1488 1510
1488 1554
1489 1511
1489 1533
1490 1512
1490 1534
1491 1513
1491 1514
1491 1535
1492 1514
1492 1517
1493 1515
1493 1517
1494 1495
1494 1517
1494 1582
1495 1517
1496 1583
1497 1518
1497 1562
1498 1563
1499 1520
1499 1564
1500 1521
1500 1565
1501 1522
1501 1545
1502 1523
1503 1524
1503 1547
1504 1524
1504 1546
1505 1524
1505 1526
1506 1527
1506 1571
1507 1572
1508 1529
1508 1573
1509 1574
1510 1531
1510 1575
1511 1532
1511 1576
1512 1533
1512 1556
1513 1534
1513 1557
1514 1535
1514 1558
1515 1517
1515 1536
1516 1517
1516 1582
1517 1538
1519 1541
1520 1542
1521 1543
1521 1565
1522 1544
1522 1566
1523 1545
1524 1546
1524 1568
1525 1546
1525 1567
1526 1546
1526 1548
1527 1549
1527 1571
1528 1550
1528 1572
1529 1551
1530 1552
1531 1553
1532 1554
1532 1576
1533 1555
1533 1577
1534 1556
1534 1578
1535 1557
1535 1558
1535 1579
1536 1558
1536 1582
1537 1561
1537 1582
1538 1561
1538 1582
1539 1561
1541 1562
1543 1564
1543 1565
1544 1565
1544 1566
1545 1566
1546 1567
1547 1566
1547 1567
1548 1567
1548 1569
1549 1570
1549 1571
1550 1571
1550 1572
1552 1573
1554 1575
1554 1576
1555 1576
1555 1577
1556 1577
1556 1578
1557 1578
1557 1579
1558 1579
1558 1582
1559 1580
1559 1582
1560 1561
1560 1582
1561 1582
1562 1563
1563 1564
1564 1565
1565 1566
1568 1569
1568 1570
1569 1570
1569 1571
1570 1571
1571 1572
1572 1573
1573 1574
1574 1575
1575 1576
1576 1577
1577 1578
1578 1579
1579 1580
1579 1581
1580 1582
1581 1582
1581 1583
