0 1496
0 1538
0 1539
1 22
1 1496
1 1563
2 23
2 1542
2 1564
3 24
3 1521
3 1565
4 69
4 1370
4 1522
5 70
5 1458
5 1523
6 71
6 158
6 224
7 28
7 72
7 1569
8 29
8 73
8 1570
9 30
9 53
9 1571
10 31
10 143
10 1572
11 121
11 143
11 1573
12 13
12 57
12 100
13 34
13 1553
13 1575
14 35
14 1422
14 1576
15 80
15 1381
15 1533
16 81
16 1469
16 1534
17 82
17 169
17 235
18 39
18 83
18 1580
19 40
19 84
19 1581
20 41
20 65
20 1582
21 1539
21 1561
21 1582
22 44
22 1496
23 45
23 1496
24 46
24 1543
25 47
25 91
25 1544
26 1392
26 1458
26 1545
27 93
27 158
27 1546
28 94
28 246
28 1547
29 51
29 95
30 52
30 1570
31 53
31 143
32 54
32 121
32 143
33 100
33 121
33 144
34 78
34 100
35 57
35 1487
36 58
36 986
36 1555
37 1403
37 1469
37 1556
38 104
38 169
38 1557
39 105
39 257
39 1558
40 62
40 106
41 63
41 152
42 64
42 1561
42 1582
43 1517
43 1539
43 1561
44 1496
44 1539
45 66
45 1496
46 67
46 90
47 68
47 1565
48 113
48 1414
48 1566
49 114
49 1502
49 1567
50 115
50 202
50 268
51 72
51 116
52 73
52 117
53 74
53 97
54 75
54 143
55 121
55 122
55 143
56 78
56 100
56 121
57 78
58 79
58 964
59 124
59 1425
59 1577
60 125
60 1513
60 1578
61 126
61 213
61 279
62 83
62 127
63 84
63 239
64 85
64 108
65 1561
65 1582
66 88
66 1496
67 89
67 111
68 90
68 112
69 91
69 135
70 1436
70 1502
71 137
71 202
72 138
72 290
73 95
73 139
74 96
74 118
75 97
75 143
76 121
76 143
76 209
77 100
77 121
77 143
78 100
78 1574
79 101
79 1552
80 102
80 146
81 1447
81 1513
82 148
82 213
83 149
83 301
84 106
84 217
85 107
85 129
86 107
86 1561
86 1582
87 109
87 1539
87 1561
88 1496
88 1539
89 110
89 133
90 111
90 134
91 112
91 135
92 157
92 1458
92 1523
93 158
93 1546
94 159
94 246
94 312
95 116
95 160
96 117
96 161
97 118
97 143
98 119
98 121
98 143
99 100
99 121
99 143
100 121
101 122
101 1530
102 123
102 146
103 168
103 1469
103 1534
104 169
104 1557
105 170
105 257
105 323
106 171
106 696
107 128
107 195
108 172
108 1582
109 1561
109 1581
110 132
110 154
111 133
111 155
112 134
112 156
113 135
113 179
114 1480
114 1546
115 181
115 246
116 182
116 334
117 139
117 183
118 140
118 230
119 141
119 143
120 121
120 143
120 187
121 143
122 144
123 145
123 167
124 146
124 190
125 1491
125 1557
126 192
126 257
127 345
127 675
128 150
128 173
129 172
129 194
130 172
130 1560
130 1582
131 153
131 1539
131 1561
132 175
132 176
133 154
133 177
134 155
134 178
135 156
135 179
136 201
136 1502
136 1567
137 202
137 268
138 203
138 290
138 356
139 160
139 204
140 161
140 205
141 162
141 230
142 143
142 165
142 230
143 164
144 165
145 166
145 189
146 167
146 190
147 212
147 1513
147 1578
148 213
148 279
149 214
149 301
149 367
150 215
150 260
151 172
151 194
151 259
152 172
152 194
153 172
153 174
154 176
154 198
155 177
155 199
156 178
156 200
157 179
157 223
158 1524
159 225
159 290
160 226
160 378
161 183
161 227
162 184
162 230
163 208
163 230
163 252
164 187
164 208
165 187
166 188
166 210
167 189
167 211
168 190
168 234
169 1535
170 236
170 301
171 326
171 389
172 194
172 216
173 194
173 259
174 194
174 196
175 197
175 219
175 694
176 219
176 220
177 198
177 221
178 199
178 222
179 200
179 223
180 245
180 1546
180 1567
181 246
181 312
182 247
182 334
182 400
183 204
183 248
184 205
184 230
185 208
185 230
185 231
186 187
186 208
186 230
187 208
188 209
188 232
189 210
189 233
190 211
190 234
191 256
191 1557
191 1578
192 257
192 323
193 258
193 345
193 411
194 259
194 282
195 259
195 325
196 217
196 259
197 218
197 694
198 220
198 242
199 221
199 243
200 222
200 244
201 223
201 267
202 1568
203 269
203 334
204 270
204 422
205 227
205 317
206 228
206 230
206 317
207 208
207 230
207 295
208 230
209 231
210 232
210 254
211 233
211 255
212 234
212 278
213 1579
214 280
214 522
215 433
215 434
216 259
216 325
217 259
218 240
218 259
219 220
219 241
219 263
220 263
220 264
221 242
221 265
222 243
222 266
223 244
223 267
224 245
224 289
225 290
225 356
226 291
226 378
226 444
227 248
227 292
228 249
228 317
229 230
229 274
229 317
230 251
231 252
232 253
232 276
233 254
233 277
234 255
234 278
235 256
235 300
236 301
236 367
237 302
237 389
237 455
238 259
238 325
238 477
239 259
239 325
240 259
240 261
241 262
241 285
242 264
242 286
243 265
243 287
244 266
244 288
245 267
245 311
247 313
247 378
248 314
248 466
249 271
249 317
250 295
250 317
250 318
251 295
251 317
252 274
253 275
253 297
254 276
254 298
255 277
255 299
256 278
256 322
258 324
258 391
259 477
260 325
260 477
261 283
261 325
262 284
262 306
263 264
263 285
263 307
264 307
264 308
265 286
265 309
266 287
266 310
267 288
267 311
268 289
268 333
269 334
269 400
270 335
270 422
270 488
271 317
271 336
272 293
272 295
272 317
273 274
273 295
273 317
274 295
275 296
275 319
276 297
276 320
277 298
277 321
278 299
278 322
279 300
279 344
280 304
280 345
281 346
281 433
281 499
282 325
282 477
283 304
283 325
284 305
284 325
285 306
285 329
286 308
286 330
287 309
287 331
288 310
288 332
289 311
289 355
291 357
291 422
292 317
292 510
293 315
293 317
294 295
294 317
294 382
295 317
296 318
296 337
297 319
297 341
298 320
298 342
299 321
299 343
300 322
300 366
302 347
302 368
303 325
303 346
303 543
304 325
305 325
305 327
306 328
306 350
307 308
307 329
307 351
308 351
308 352
309 330
309 353
310 331
310 354
311 332
311 355
312 333
312 377
313 378
313 444
314 379
314 466
314 532
315 317
315 380
316 317
316 339
316 382
317 338
318 339
319 340
319 363
320 341
320 364
321 342
321 365
322 343
322 366
323 344
323 388
324 389
324 413
325 390
325 477
325 543
326 477
326 543
327 348
327 412
328 349
328 372
329 350
329 373
330 352
330 374
331 353
331 375
332 354
332 376
333 355
333 399
335 401
335 466
336 382
336 554
337 382
337 448
338 361
338 382
339 361
340 362
340 384
341 363
341 385
342 364
342 386
343 365
343 387
344 366
344 410
346 412
347 477
347 543
348 370
348 477
349 371
349 630
350 372
350 394
351 352
351 373
351 395
352 395
352 396
353 374
353 397
354 375
354 398
355 376
355 399
356 377
356 421
357 422
357 488
358 423
358 510
358 576
359 382
359 424
359 448
360 361
360 382
360 448
361 381
361 382
362 383
362 795
363 384
363 407
364 385
364 408
365 386
365 409
366 387
366 410
367 388
367 432
368 433
368 500
369 477
369 499
369 543
370 435
370 543
371 392
371 412
372 393
372 416
373 394
373 417
374 396
374 418
375 397
375 419
376 398
376 420
377 399
377 443
379 445
379 510
380 382
380 446
381 382
381 448
382 404
383 403
383 405
384 406
384 428
385 407
385 429
386 408
386 430
387 409
387 431
388 410
388 454
390 477
390 543
391 477
391 543
392 414
392 477
393 415
393 437
394 416
394 438
395 396
395 417
395 439
396 439
396 440
397 418
397 441
398 419
398 442
399 420
399 443
400 421
400 465
401 466
401 532
402 467
402 554
402 620
403 448
403 513
404 426
404 448
405 426
405 447
406 427
406 450
407 428
407 451
408 429
408 452
409 430
409 453
410 431
410 454
411 476
411 544
412 477
412 521
413 477
413 543
414 479
414 543
415 436
415 480
416 437
416 460
417 438
417 461
418 440
418 462
419 441
419 463
420 442
420 464
421 443
421 487
423 448
423 489
424 448
424 642
425 426
425 448
425 513
426 448
427 449
427 468
428 450
428 472
429 451
429 473
430 452
430 474
431 453
431 475
432 454
432 457
434 477
434 543
435 543
435 653
436 458
436 477
437 459
437 481
438 460
438 482
439 440
439 461
439 483
440 483
440 484
441 462
441 485
442 463
442 486
443 464
443 487
444 465
444 509
445 510
445 576
446 511
446 664
447 448
447 513
448 469
448 491
449 470
449 512
450 471
450 494
451 472
451 495
452 473
452 496
453 474
453 497
454 475
454 498
455 520
455 631
456 477
456 499
456 543
457 477
457 543
458 523
458 543
459 480
459 524
460 481
460 504
461 482
461 505
462 484
462 506
463 485
463 507
464 486
464 508
465 487
465 531
467 513
467 533
468 492
468 513
469 492
469 513
470 492
470 622
471 493
471 774
472 494
472 495
472 516
473 495
473 517
474 496
474 518
475 497
475 519
476 478
476 498
478 543
478 630
479 543
479 697
480 502
480 546
481 503
481 525
482 504
482 526
483 484
483 505
483 527
484 527
484 528
485 506
485 529
486 507
486 530
487 508
487 531
488 509
488 553
489 513
489 554
490 555
490 642
490 708
491 492
491 513
492 513
492 556
493 514
493 578
494 515
494 538
495 516
495 539
496 517
496 540
497 518
497 541
498 519
498 609
499 564
500 543
500 564
501 566
501 653
501 719
502 543
502 567
503 524
503 568
504 525
504 548
505 526
505 549
506 528
506 550
507 529
507 551
508 530
508 552
509 531
509 575
511 513
511 577
512 513
512 557
513 535
513 600
514 536
514 731
515 537
515 559
516 538
516 560
517 539
517 561
518 540
518 562
519 541
519 563
520 542
520 565
521 543
521 564
522 543
522 588
523 543
523 741
524 546
524 590
525 547
525 569
526 548
526 570
527 528
527 549
527 571
528 571
528 572
529 550
529 573
530 551
530 574
531 552
531 575
532 553
532 597
533 557
533 598
534 599
534 686
534 752
535 557
535 623
536 557
536 666
537 558
537 885
538 559
538 582
539 560
539 583
540 561
540 584
541 562
541 585
542 563
542 739
543 608
544 564
544 630
545 610
545 697
545 763
546 567
546 611
547 568
547 612
548 569
548 592
549 570
549 593
550 572
550 594
551 573
551 595
552 574
552 596
553 575
553 619
555 557
555 621
556 557
556 623
557 579
557 710
558 580
558 775
559 581
559 951
560 582
560 583
560 604
561 583
561 605
562 584
562 606
563 585
563 718
564 586
564 587
565 586
565 630
566 630
566 632
567 633
567 785
568 590
568 634
569 591
569 613
570 592
570 614
571 572
571 593
571 615
572 615
572 616
573 594
573 617
574 595
574 618
575 596
575 619
576 641
576 947
577 623
577 642
578 623
578 730
579 601
579 623
580 601
580 819
581 602
581 929
582 603
582 626
583 604
583 627
584 605
584 628
585 606
585 804
586 607
586 652
587 630
587 651
588 630
588 653
589 654
589 741
589 807
590 611
590 655
591 612
591 656
592 613
592 636
593 614
593 637
594 616
594 638
595 617
595 639
596 618
596 640
597 619
597 663
598 623
598 948
599 623
599 665
600 601
600 623
601 623
601 754
602 624
602 687
603 625
603 973
604 626
604 648
605 627
605 649
606 628
606 847
607 629
607 761
608 630
608 651
609 630
609 651
610 630
610 676
611 677
611 829
612 634
612 678
613 635
613 657
614 636
614 658
615 616
615 637
615 659
616 659
616 660
617 638
617 661
618 639
618 662
619 640
619 663
620 685
620 947
621 623
621 686
622 623
622 667
623 644
623 688
624 645
624 863
625 646
625 907
626 647
626 908
627 648
627 846
628 649
628 825
629 650
629 782
630 651
630 674
631 651
631 673
632 651
632 697
633 698
633 785
633 851
634 655
634 699
635 656
635 700
636 657
636 680
637 658
637 681
638 660
638 682
639 661
639 683
640 662
640 684
641 663
641 947
643 645
643 667
643 709
644 645
644 667
645 667
645 798
646 668
646 886
647 669
647 887
648 670
648 866
649 671
649 824
650 672
650 781
651 673
651 695
652 673
652 694
654 720
654 785
655 721
655 873
656 678
656 722
657 679
657 701
658 680
658 702
659 660
659 681
659 703
660 703
660 704
661 682
661 705
662 683
662 706
663 684
663 947
664 729
664 948
665 667
665 730
666 667
666 711
667 688
667 732
668 689
668 842
669 690
669 865
670 691
670 845
671 692
671 803
672 693
672 760
673 694
673 717
674 693
674 694
675 694
675 740
676 741
676 807
677 742
677 829
677 895
678 699
678 743
679 700
679 744
680 701
680 724
681 702
681 725
682 704
682 726
683 705
683 727
684 706
684 946
685 707
685 947
686 711
687 689
687 711
688 711
689 711
689 820
690 712
690 864
691 713
691 844
692 714
692 823
693 715
693 737
694 716
694 738
695 715
695 736
696 718
696 762
698 764
698 829
699 765
699 917
700 722
700 766
701 723
701 745
702 724
702 746
703 704
703 725
703 747
704 747
704 748
705 726
705 749
706 727
706 946
707 728
707 946
708 773
708 947
709 948
709 1122
710 711
710 733
711 732
711 776
712 733
712 843
713 734
713 822
714 735
714 802
715 736
715 759
716 735
716 736
717 736
717 1582
718 1581
718 1582
719 740
719 784
720 785
720 851
721 786
721 873
721 939
722 743
722 787
723 744
723 788
724 745
724 768
725 746
725 769
726 748
726 770
727 749
727 946
728 750
728 947
729 751
729 948
730 948
731 948
731 971
732 733
733 755
733 799
734 756
734 800
735 757
735 779
736 758
736 780
737 757
737 1561
738 1561
738 1582
739 1581
739 1582
740 762
740 806
742 808
742 873
743 809
743 961
744 766
744 810
745 767
745 789
746 768
746 790
747 748
747 769
747 791
748 989
748 1010
749 770
749 946
750 771
750 946
751 772
751 947
752 948
752 970
753 971
753 992
753 1145
754 756
754 971
755 756
755 757
756 777
756 821
757 778
757 801
758 1496
758 1539
759 1539
759 1561
760 1561
760 1582
761 1561
761 1582
762 783
762 806
763 784
763 828
764 829
764 895
765 830
765 917
765 983
766 787
766 831
767 788
767 832
768 789
768 812
769 790
769 813
770 792
770 989
771 793
771 946
772 794
772 947
773 948
773 970
774 948
774 971
775 971
775 1015
776 1103
776 1147
777 1212
777 1278
778 1343
778 1409
779 1409
779 1496
780 1496
780 1539
781 1561
781 1582
782 1561
782 1582
783 805
783 827
784 806
784 850
786 852
786 917
787 853
787 1005
788 810
788 1357
789 811
789 1139
790 812
790 1139
791 813
791 989
791 1010
792 989
792 1010
793 814
793 946
794 815
794 946
795 947
795 948
796 948
796 971
796 1078
797 971
797 1015
797 1101
798 971
798 1015
799 1147
799 1212
800 1278
800 1343
801 1409
801 1430
802 1496
802 1539
803 1539
803 1561
804 1561
804 1582
805 826
805 1582
806 827
806 850
807 828
807 872
808 873
808 939
809 874
809 961
809 1027
810 875
810 1357
811 832
811 1357
812 833
812 1139
813 834
813 1010
814 836
814 989
815 946
815 968
816 947
816 969
816 1056
817 948
817 970
817 1057
818 971
818 1015
818 1079
819 1015
819 1059
820 1147
820 1212
821 1278
821 1343
822 1343
822 1409
823 1409
823 1496
824 1496
824 1539
825 1561
825 1582
826 848
826 1582
827 849
827 871
828 850
828 894
830 896
830 961
831 897
831 1357
832 854
832 1357
833 855
833 1139
834 856
834 1053
835 857
835 989
835 1010
836 989
836 1010
837 946
837 968
837 1077
838 946
838 947
838 1034
839 948
839 970
839 1013
840 948
840 971
840 1035
841 1015
841 1059
841 1123
842 1015
842 1059
843 1212
843 1278
844 1343
844 1409
845 1409
845 1496
846 1496
846 1539
847 1539
847 1561
848 869
848 1582
849 870
849 893
850 871
850 894
851 872
851 916
852 917
852 983
853 918
853 1005
853 1071
854 919
854 1357
855 876
855 1139
856 877
856 1075
857 878
857 989
858 946
858 968
858 1055
859 946
859 947
859 1012
860 947
860 970
860 991
861 948
861 971
861 1014
862 971
862 1015
862 1058
863 1059
863 1103
864 1147
864 1212
865 1278
865 1343
866 1409
866 1430
867 889
867 1496
867 1539
868 890
868 1496
868 1539
869 891
869 1582
870 892
870 914
871 893
871 915
872 894
872 938
874 940
874 1005
875 1093
875 1357
876 898
876 1357
877 899
877 1096
878 900
878 1032
879 989
879 1010
879 1098
880 968
880 989
880 1033
881 946
881 968
881 990
882 947
882 969
882 970
883 948
883 970
883 992
884 971
884 992
884 1015
885 1059
885 1103
886 1059
886 1103
887 1278
887 1343
888 909
888 1343
888 1409
889 910
889 1496
890 911
890 1496
891 1539
891 1561
892 913
892 936
893 914
893 937
894 915
894 938
895 916
895 960
896 961
896 1027
897 962
897 1115
898 963
898 1357
899 920
899 1118
900 921
900 1075
901 989
901 1010
901 1054
902 946
902 968
902 1011
903 946
903 947
903 969
904 947
904 948
904 970
905 948
905 971
905 992
906 1015
906 1059
906 1102
907 1103
907 1147
908 1212
908 1278
909 931
909 1409
910 932
910 1409
911 933
911 1496
912 934
912 1496
912 1539
913 935
913 957
914 936
914 958
915 937
915 959
916 938
916 982
918 984
918 1357
919 1137
919 1357
920 942
920 1139
921 1097
921 1118
922 1010
922 1032
922 1076
923 989
923 1010
923 1011
924 946
924 968
924 1011
925 946
925 969
925 990
926 947
926 970
926 991
927 948
927 971
927 992
928 1015
928 1036
928 1059
929 1103
929 1147
930 995
930 1147
930 1148
931 996
931 1343
932 953
932 1409
933 954
933 1496
934 955
934 1496
935 956
935 979
936 957
936 980
937 958
937 981
938 959
938 982
939 960
939 1004
940 1005
940 1071
941 1006
941 1093
941 1159
942 1007
942 1139
943 1118
943 1139
943 1163
944 1032
944 1053
944 1119
945 989
945 1010
945 1032
946 968
947 969
948 970
949 971
949 1015
949 1036
950 1059
950 1103
950 1146
951 1103
951 1147
952 1170
952 1212
952 1278
953 975
953 1409
954 976
954 1496
955 977
955 1496
956 978
956 979
956 1000
957 979
957 1001
958 980
958 1002
959 981
959 1003
960 982
960 1026
962 1028
962 1357
963 1139
963 1181
964 1118
964 1139
965 1075
965 1096
965 1140
966 989
966 1010
966 1032
967 968
967 989
967 1011
968 1011
969 990
970 991
971 992
972 1059
972 1080
972 1103
973 1103
973 1147
974 1039
974 1147
974 1192
975 1040
975 1409
976 997
976 1409
977 998
977 1496
978 999
978 1022
979 1000
979 1023
980 1001
980 1024
981 1002
981 1025
982 1003
982 1026
983 1004
983 1048
984 1049
984 1357
985 1050
985 1137
985 1203
986 1139
986 1205
987 1075
987 1096
987 1118
988 1010
988 1032
988 1053
989 1010
990 1012
991 1013
992 1014
993 1015
993 1059
993 1080
994 1103
994 1147
994 1190
995 1061
995 1147
996 1214
996 1343
997 1019
997 1409
998 1020
998 1496
999 1021
999 1043
1000 1022
1000 1023
1000 1044
1001 1023
1001 1045
1002 1024
1002 1046
1003 1025
1003 1047
1004 1026
1004 1070
1006 1072
1006 1139
1007 1073
1007 1139
1008 1118
1008 1139
1008 1162
1009 1032
1009 1053
1009 1075
1010 1032
1011 1033
1012 1055
1013 1034
1014 1035
1015 1036
1016 1103
1016 1124
1016 1147
1017 1147
1017 1189
1017 1212
1018 1083
1018 1170
1018 1236
1019 1084
1019 1409
1020 1041
1020 1085
1021 1042
1021 1065
1022 1043
1022 1066
1023 1044
1023 1067
1024 1045
1024 1068
1025 1046
1025 1069
1026 1047
1026 1070
1027 1048
1027 1092
1028 1093
1028 1139
1029 1094
1029 1181
1029 1247
1030 1139
1030 1205
1030 1206
1031 1075
1031 1096
1031 1118
1032 1053
1033 1054
1034 1056
1035 1057
1036 1058
1037 1059
1037 1103
1037 1124
1038 1103
1038 1147
1038 1211
1039 1105
1039 1212
1040 1258
1040 1343
1041 1063
1041 1409
1042 1064
1042 1086
1043 1065
1043 1087
1044 1066
1044 1067
1044 1088
1045 1067
1045 1089
1046 1068
1046 1090
1047 1069
1047 1091
1048 1070
1048 1114
1049 1115
1049 1357
1050 1116
1050 1139
1051 1139
1051 1184
1051 1205
1052 1096
1052 1118
1052 1139
1053 1075
1054 1076
1055 1077
1056 1099
1057 1078
1058 1079
1059 1080
1060 1103
1060 1147
1060 1168
1061 1126
1061 1147
1062 1127
1062 1214
1062 1280
1063 1128
1063 1409
1064 1085
1064 1129
1065 1086
1065 1109
1066 1087
1066 1110
1067 1088
1067 1111
1068 1089
1068 1112
1069 1090
1069 1113
1070 1091
1070 1114
1071 1092
1071 1136
1072 1137
1072 1139
1073 1225
1073 1468
1074 1118
1074 1139
1074 1183
1075 1096
1076 1097
1077 1098
1078 1100
1079 1101
1080 1102
1081 1103
1081 1147
1081 1168
1082 1147
1082 1167
1082 1212
1083 1149
1083 1212
1084 1302
1084 1409
1085 1107
1085 1151
1086 1108
1086 1130
1087 1109
1087 1131
1088 1110
1088 1111
1088 1132
1089 1111
1089 1133
1090 1112
1090 1134
1091 1113
1091 1135
1092 1114
1092 1158
1094 1139
1094 1160
1095 1139
1095 1205
1095 1314
1096 1118
1097 1119
1098 1120
1099 1121
1099 1143
1100 1143
1100 1144
1101 1122
1102 1123
1103 1124
1104 1147
1104 1212
1104 1255
1105 1170
1105 1212
1106 1171
1106 1258
1106 1324
1107 1128
1107 1172
1108 1129
1108 1173
1109 1130
1109 1153
1110 1131
1110 1154
1111 1132
1111 1155
1112 1133
1112 1156
1113 1134
1113 1157
1114 1135
1114 1158
1115 1139
1115 1357
1116 1139
1116 1181
1117 1139
1117 1205
1117 1227
1118 1183
1119 1140
1120 1141
1120 1164
1121 1142
1121 1165
1122 1144
1123 1145
1124 1146
1125 1147
1125 1168
1125 1212
1126 1147
1126 1212
1127 1193
1127 1212
1128 1194
1128 1346
1129 1151
1129 1195
1130 1152
1130 1174
1131 1153
1131 1175
1132 1154
1132 1155
1132 1176
1133 1155
1133 1177
1134 1156
1134 1178
1135 1157
1135 1179
1136 1158
1136 1202
1138 1139
1138 1250
1138 1357
1139 1161
1139 1180
1139 1205
1140 1162
1141 1163
1141 1185
1142 1164
1142 1186
1143 1144
1143 1165
1143 1187
1144 1187
1144 1188
1145 1166
1146 1167
1147 1168
1148 1212
1148 1277
1149 1214
1149 1278
1150 1215
1150 1302
1150 1368
1151 1172
1151 1216
1152 1173
1152 1217
1153 1174
1153 1197
1154 1175
1154 1198
1155 1176
1155 1199
1156 1177
1156 1200
1157 1178
1157 1201
1158 1179
1158 1202
1159 1205
1159 1224
1160 1225
1160 1357
1161 1205
1161 1357
1162 1227
1163 1184
1164 1185
1164 1208
1165 1186
1165 1209
1166 1188
1166 1210
1167 1189
1168 1190
1169 1212
1169 1234
1169 1278
1171 1212
1171 1237
1172 1238
1172 1390
1173 1195
1173 1239
1174 1196
1174 1218
1175 1197
1175 1219
1176 1198
1176 1199
1176 1220
1177 1199
1177 1221
1178 1200
1178 1222
1179 1201
1179 1223
1180 1202
1180 1205
1182 1205
1182 1357
1182 1380
1183 1401
1184 1206
1185 1207
1185 1229
1186 1208
1186 1230
1187 1188
1187 1209
1187 1231
1188 1231
1188 1232
1189 1210
1190 1211
1191 1212
1191 1234
1191 1278
1192 1212
1192 1233
1193 1258
1193 1278
1194 1259
1194 1346
1194 1412
1195 1216
1195 1260
1196 1217
1196 1261
1197 1218
1197 1241
1198 1219
1198 1242
1199 1220
1199 1243
1200 1221
1200 1244
1201 1222
1201 1245
1202 1223
1202 1246
1203 1268
1203 1357
1204 1271
1204 1357
1204 1423
1205 1270
1205 1423
1206 1271
1207 1228
1207 1272
1208 1229
1208 1252
1209 1230
1209 1253
1210 1232
1210 1254
1211 1233
1212 1234
1213 1278
1213 1321
1213 1343
1215 1281
1215 1346
1216 1282
1216 1434
1217 1239
1217 1283
1218 1240
1218 1262
1219 1241
1219 1263
1220 1242
1220 1243
1220 1264
1221 1243
1221 1265
1222 1244
1222 1266
1223 1245
1223 1267
1224 1246
1224 1357
1225 1357
1226 1270
1226 1357
1226 1423
1227 1445
1228 1250
1228 1294
1229 1251
1229 1273
1230 1252
1230 1274
1231 1232
1231 1253
1231 1275
1232 1275
1232 1276
1233 1254
1234 1235
1234 1255
1235 1278
1235 1343
1236 1278
1236 1301
1237 1278
1237 1302
1238 1303
1238 1390
1238 1456
1239 1260
1239 1304
1240 1261
1240 1305
1241 1262
1241 1285
1242 1263
1242 1286
1243 1264
1243 1287
1244 1265
1244 1288
1245 1266
1245 1289
1246 1267
1246 1357
1247 1312
1247 1357
1248 1357
1248 1423
1248 1467
1249 1314
1249 1401
1249 1467
1250 1315
1251 1272
1251 1316
1252 1273
1252 1296
1253 1274
1253 1297
1254 1276
1254 1298
1255 1277
1256 1278
1256 1299
1256 1343
1257 1278
1257 1298
1257 1343
1259 1325
1259 1390
1260 1326
1260 1478
1261 1283
1261 1327
1262 1284
1262 1306
1263 1285
1263 1307
1264 1286
1264 1287
1264 1308
1265 1287
1265 1309
1266 1288
1266 1310
1267 1289
1267 1311
1268 1290
1268 1357
1269 1357
1269 1358
1269 1423
1270 1336
1270 1379
1271 1489
1272 1294
1272 1338
1273 1295
1273 1317
1274 1296
1274 1318
1275 1297
1275 1319
1276 1319
1276 1320
1277 1298
1278 1299
1278 1300
1279 1299
1279 1343
1279 1409
1280 1343
1280 1345
1281 1346
1281 1412
1282 1347
1282 1434
1282 1500
1283 1304
1283 1348
1284 1305
1284 1349
1285 1306
1285 1329
1286 1307
1286 1330
1287 1308
1287 1331
1288 1309
1288 1332
1289 1310
1289 1333
1290 1311
1290 1357
1291 1357
1291 1402
1291 1423
1292 1336
1292 1357
1292 1423
1293 1358
1293 1445
1293 1511
1294 1315
1294 1359
1295 1316
1295 1360
1296 1317
1296 1340
1297 1318
1297 1341
1298 1320
1299 1321
1300 1343
1300 1365
1301 1343
1301 1409
1303 1369
1303 1434
1304 1370
1304 1522
1305 1327
1305 1371
1306 1328
1306 1350
1307 1329
1307 1351
1308 1330
1308 1331
1308 1352
1309 1331
1309 1353
1310 1332
1310 1354
1311 1333
1311 1357
1312 1334
1312 1357
1313 1336
1313 1357
1313 1423
1314 1380
1315 1381
1315 1533
1316 1338
1316 1382
1317 1339
1317 1361
1318 1340
1318 1362
1319 1320
1319 1341
1319 1363
1320 1363
1320 1364
1321 1342
1322 1343
1322 1365
1322 1409
1323 1342
1323 1343
1323 1409
1324 1343
1324 1389
1325 1390
1325 1456
1326 1391
1326 1478
1326 1544
1327 1348
1327 1392
1328 1349
1328 1393
1329 1350
1329 1373
1330 1351
1330 1374
1331 1352
1331 1375
1332 1353
1332 1376
1333 1354
1333 1357
1334 1355
1334 1357
1335 1357
1335 1423
1335 1511
1336 1401
1337 1402
1337 1489
1337 1555
1338 1359
1338 1403
1339 1360
1339 1404
1340 1361
1340 1384
1341 1362
1341 1385
1342 1364
1343 1365
1343 1366
1344 1365
1344 1409
1344 1430
1345 1367
1345 1409
1347 1413
1347 1478
1348 1414
1348 1566
1349 1371
1349 1415
1350 1372
1350 1394
1351 1373
1351 1395
1352 1374
1352 1375
1352 1396
1353 1375
1353 1397
1354 1376
1354 1398
1355 1357
1355 1377
1356 1357
1356 1378
1356 1424
1357 1423
1358 1424
1359 1425
1359 1577
1360 1382
1360 1426
1361 1383
1361 1405
1362 1384
1362 1406
1363 1385
1363 1407
1364 1388
1364 1407
1365 1386
1366 1409
1366 1430
1367 1409
1367 1430
1368 1409
1368 1433
1369 1434
1369 1500
1370 1435
1370 1522
1371 1392
1371 1436
1372 1393
1372 1437
1373 1394
1373 1417
1374 1395
1374 1418
1375 1396
1375 1419
1376 1397
1376 1420
1377 1398
1377 1423
1378 1399
1378 1423
1379 1423
1379 1488
1380 1445
1381 1446
1381 1533
1382 1403
1382 1447
1383 1404
1383 1448
1384 1405
1384 1428
1385 1406
1385 1429
1386 1408
1386 1410
1387 1409
1387 1430
1387 1452
1388 1409
1388 1430
1389 1409
1389 1411
1391 1457
1391 1522
1392 1458
1393 1415
1393 1459
1394 1416
1394 1438
1395 1417
1395 1439
1396 1418
1396 1419
1396 1440
1397 1419
1397 1441
1398 1420
1398 1423
1399 1421
1399 1423
1400 1423
1400 1488
1400 1532
1402 1468
1403 1469
1404 1426
1404 1470
1405 1427
1405 1449
1406 1428
1406 1450
1407 1429
1407 1451
1408 1451
1408 1475
1409 1430
1409 1453
1410 1430
1410 1496
1411 1430
1411 1432
1412 1433
1412 1477
1413 1478
1413 1544
1414 1479
1414 1566
1415 1436
1415 1480
1416 1437
1416 1481
1417 1438
1417 1461
1418 1439
1418 1462
1419 1440
1419 1463
1420 1441
1420 1464
1421 1423
1421 1442
1422 1423
1422 1488
1423 1488
1424 1489
1425 1490
1425 1577
1426 1447
1426 1491
1427 1448
1427 1492
1428 1449
1428 1472
1429 1450
1429 1473
1430 1431
1430 1452
1431 1452
1431 1496
1432 1454
1432 1496
1433 1455
1433 1499
1435 1501
1435 1566
1436 1502
1437 1459
1437 1503
1438 1460
1438 1482
1439 1461
1439 1483
1440 1462
1440 1463
1440 1484
1441 1463
1441 1485
1442 1464
1442 1575
1443 1465
1443 1488
1443 1555
1444 1467
1444 1488
1444 1554
1446 1512
1446 1577
1447 1513
1448 1470
1448 1514
1449 1471
1449 1493
1450 1472
1450 1494
1451 1473
1451 1562
1452 1495
1452 1518
1453 1496
1453 1539
1454 1496
1454 1539
1455 1476
1455 1496
1456 1477
1456 1521
1457 1522
1457 1544
1458 1523
1459 1480
1459 1524
1460 1481
1460 1525
1461 1482
1461 1505
1462 1483
1462 1506
1463 1484
1463 1507
1464 1485
1464 1575
1465 1486
1465 1575
1466 1488
1466 1554
1466 1575
1467 1532
1468 1533
1469 1534
1470 1491
1470 1535
1471 1492
1471 1536
1472 1493
1472 1516
1473 1494
1473 1517
1474 1495
1474 1496
1474 1539
1475 1496
1475 1539
1476 1496
1476 1498
1477 1499
1477 1543
1479 1545
1479 1566
1480 1546
1481 1503
1481 1547
1482 1504
1482 1526
1483 1505
1483 1527
1484 1506
1484 1507
1484 1528
1485 1507
1485 1529
1486 1508
1486 1575
1487 1488
1487 1575
1488 1510
1490 1556
1490 1577
1491 1557
1492 1514
1492 1558
1493 1515
1493 1537
1494 1516
1494 1538
1495 1497
1495 1517
1496 1539
1496 1540
1497 1539
1497 1561
1498 1519
1498 1539
1499 1520
1499 1543
1500 1521
1500 1565
1501 1522
1501 1566
1502 1567
1503 1524
1503 1568
1504 1525
1504 1569
1505 1526
1505 1549
1506 1527
1506 1550
1507 1528
1507 1551
1508 1529
1508 1575
1509 1554
1509 1575
1509 1576
1510 1554
1510 1575
1511 1576
1512 1533
1512 1577
1513 1578
1514 1535
1514 1579
1515 1536
1515 1580
1516 1537
1516 1560
1517 1538
1518 1539
1518 1561
1519 1539
1519 1541
1520 1542
1520 1564
1521 1543
1521 1565
1523 1545
1524 1546
1525 1547
1525 1569
1526 1548
1526 1570
1527 1549
1527 1571
1528 1550
1528 1551
1528 1572
1529 1551
1529 1575
1530 1554
1530 1575
1531 1532
1531 1554
1531 1575
1532 1554
1534 1556
1535 1557
1536 1558
1536 1580
1537 1559
1537 1581
1538 1560
1539 1561
1539 1583
1540 1561
1540 1582
1541 1561
1541 1582
1542 1563
1542 1564
1543 1564
1543 1565
1544 1565
1545 1566
1547 1568
1548 1569
1548 1570
1549 1570
1549 1571
1550 1571
1550 1572
1551 1572
1551 1575
1552 1573
1552 1575
1553 1554
1553 1575
1554 1575
1556 1577
1558 1579
1559 1580
1559 1581
1560 1581
1561 1582
1562 1563
1562 1582
1563 1564
1564 1565
1565 1566
1567 1568
1568 1569
1569 1570
1570 1571
1571 1572
1572 1573
1572 1574
1573 1575
1574 1575
1574 1576
1578 1579
1579 1580
1580 1581
